1:ItNr	2:Metric	3a:Time	3b:StepSize	4:||Gradient||	Time[ms]
0	-0.166392	0.000000	0.884643	0.027863	1457.8
1	-0.159142	0.000000	0.884643	0.035425	3.2
2	-0.169153	0.000000	0.884643	0.038101	3.0
3	-0.150476	1.000000	0.844432	0.035236	4.0
4	-0.169585	0.016202	0.883961	0.020685	4.1
5	-0.153819	0.000000	0.884643	0.043087	3.0
6	-0.142660	0.000000	0.884643	0.028919	3.5
7	-0.161230	0.000000	0.884643	0.038476	3.4
8	-0.161489	0.999996	0.844432	0.041767	3.1
9	-0.158931	1.999996	0.807718	0.037125	4.2
10	-0.174999	2.999996	0.774063	0.028515	3.7
11	-0.159646	3.998534	0.743144	0.030580	3.0
12	-0.148192	3.014713	0.773588	0.058411	3.1
13	-0.168151	4.014713	0.742663	0.058133	3.2
14	-0.174253	5.014713	0.714115	0.018271	3.6
15	-0.157770	6.014655	0.687682	0.026524	4.2
16	-0.159236	5.566560	0.699281	0.029439	3.2
17	-0.167612	5.914051	0.690253	0.042532	3.2
18	-0.155381	5.128553	0.711004	0.040864	2.9
19	-0.194379	4.144726	0.738823	0.013350	2.9
20	-0.155073	3.287243	0.764908	0.044454	3.3
21	-0.148994	2.386594	0.794366	0.017517	4.1
22	-0.132582	1.887675	0.811682	0.036648	3.7
23	-0.171590	2.885282	0.777780	0.041130	3.3
24	-0.150822	1.901459	0.811193	0.019259	3.1
25	-0.170117	1.728652	0.817361	0.049664	3.0
26	-0.160490	0.744889	0.854339	0.051519	4.4
27	-0.172752	0.000000	0.884643	0.055690	3.6
28	-0.151641	0.999802	0.844440	0.017112	3.1
29	-0.162025	0.015984	0.883970	0.035673	3.8
30	-0.168685	0.000000	0.884643	0.020335	3.0
31	-0.178192	0.999664	0.844445	0.037736	2.9
32	-0.170517	0.026218	0.883540	0.065723	3.6
33	-0.156930	0.000000	0.884643	0.013883	4.3
34	-0.175453	0.852678	0.850125	0.040454	3.4
35	-0.148579	1.688574	0.818804	0.041025	3.2
36	-0.175452	0.704747	0.855919	0.040592	3.0
37	-0.155808	1.704747	0.818221	0.053300	4.2
38	-0.150544	0.735905	0.854692	0.068175	3.6
39	-0.172743	1.735905	0.817100	0.040318	3.1
40	-0.160625	2.735732	0.782681	0.046322	3.0
41	-0.135934	3.735732	0.751039	0.008874	3.1
42	-0.159207	2.762692	0.781793	0.029737	3.1
43	-0.133861	2.271326	0.798300	0.032608	9.3
44	-0.152587	1.686506	0.818879	0.037162	3.5
45	-0.143912	2.686504	0.784308	0.031003	3.1
46	-0.182706	3.311851	0.764134	0.037328	2.9
47	-0.163311	2.786661	0.781005	0.046477	4.0
48	-0.129310	1.802835	0.814701	0.037267	4.0
49	-0.156956	2.785152	0.781055	0.049850	3.2
50	-0.163262	3.750983	0.750576	0.036274	3.2
51	-0.172869	2.767156	0.781646	0.024074	3.2
52	-0.180383	3.763379	0.750201	0.036443	3.5
53	-0.146423	2.779577	0.781238	0.040514	4.2
54	-0.139860	1.796635	0.814923	0.023032	3.5
55	-0.185670	2.796514	0.780682	0.030849	3.1
56	-0.169321	1.814918	0.814270	0.050278	3.0
57	-0.165033	1.575969	0.822888	0.046963	3.0
58	-0.164201	0.592143	0.860383	0.045544	3.5
59	-0.168185	1.592143	0.822299	0.034433	4.2
60	-0.171950	0.699212	0.856137	0.032330	3.6
61	-0.163743	0.000000	0.884643	0.028549	3.2
62	-0.160957	0.000000	0.884643	0.026585	3.1
63	-0.172233	0.000000	0.884643	0.036783	3.1
64	-0.144460	0.000000	0.884643	0.043611	4.4
65	-0.147330	0.999997	0.844432	0.034053	3.8
66	-0.160671	0.016171	0.883962	0.057204	3.2
67	-0.144085	1.016171	0.843812	0.019693	3.2
68	-0.179176	0.032344	0.883283	0.040767	3.0
69	-0.164920	0.990516	0.844796	0.048922	3.5
70	-0.141145	1.990516	0.808051	0.029445	4.2
71	-0.153166	1.006853	0.844169	0.044441	3.3
72	-0.177183	0.570198	0.861258	0.064502	3.1
73	-0.136577	0.000000	0.884643	0.032441	2.9
74	-0.150783	1.000000	0.844432	0.022370	3.0
75	-0.167192	0.198742	0.876349	0.042849	4.0
76	-0.165531	1.194651	0.837026	0.043071	4.4
77	-0.161256	2.194651	0.800939	0.027949	3.0
78	-0.177573	1.260035	0.834568	0.050550	3.0
79	-0.161516	0.276213	0.873158	0.015405	3.1
80	-0.154775	1.265549	0.834361	0.028683	3.7
81	-0.155771	2.256947	0.798794	0.046878	4.2
82	-0.179744	1.273120	0.834077	0.041862	3.0
83	-0.149368	0.289292	0.872622	0.046302	3.0
84	-0.172437	0.000000	0.884643	0.052849	3.2
85	-0.150258	1.000000	0.844432	0.017602	3.0
86	-0.147016	1.996907	0.807826	0.039701	3.7
87	-0.181001	1.338543	0.831635	0.034340	4.1
88	-0.163249	1.063998	0.841983	0.046063	3.3
89	-0.144802	0.114951	0.879827	0.029252	3.1
90	-0.143235	0.000000	0.884643	0.035737	3.0
91	-0.163954	0.999823	0.844439	0.054618	3.1
92	-0.156479	0.071471	0.881642	0.056091	4.2
93	-0.157344	0.749486	0.854158	0.049264	3.7
94	-0.167748	0.000000	0.884643	0.058306	3.0
95	-0.163106	0.000000	0.884643	0.087699	3.0
96	-0.159996	1.000000	0.844432	0.035877	3.0
97	-0.154197	2.000000	0.807718	0.030615	3.4
98	-0.176442	1.329233	0.831981	0.019749	4.5
99	-0.157634	2.235429	0.799534	0.043914	3.3
100	-0.154847	2.012924	0.807264	0.047937	3.1
101	-0.152659	1.029233	0.843311	0.043219	3.1
102	-0.157550	0.045406	0.882734	0.032395	3.3
103	-0.146821	0.000000	0.884643	0.022223	3.8
104	-0.150271	0.000000	0.884643	0.014833	4.6
105	-0.174963	0.614176	0.859506	0.041275	3.2
106	-0.139332	0.753073	0.854017	0.031938	3.1
107	-0.155071	0.000000	0.884643	0.028434	3.3
108	-0.136038	0.000000	0.884643	0.035593	3.7
109	-0.173218	0.999649	0.844445	0.058501	4.4
110	-0.155518	0.015822	0.883977	0.055596	3.0
111	-0.139047	0.000000	0.884643	0.021156	3.1
112	-0.133664	0.000000	0.884643	0.032394	3.2
113	-0.151242	0.000000	0.884643	0.040510	3.0
114	-0.164402	0.970273	0.845575	0.026709	2.9
115	-0.159392	1.970198	0.808766	0.037298	4.1
116	-0.128719	2.957037	0.775451	0.024377	4.1
117	-0.166967	1.978052	0.808489	0.037526	3.3
118	-0.176218	2.977412	0.774792	0.032003	3.0
119	-0.168172	1.993591	0.807943	0.032094	3.4
120	-0.168212	2.993510	0.774272	0.043424	4.4
121	-0.145607	3.993510	0.743293	0.036122	3.4
122	-0.157027	3.381397	0.761954	0.026231	3.2
123	-0.185407	2.397586	0.793992	0.049181	3.1
124	-0.175710	1.415847	0.828767	0.073498	3.2
125	-0.170490	2.415847	0.793373	0.044825	4.7
126	-0.161905	3.415847	0.760879	0.050761	3.8
127	-0.160857	4.415847	0.730942	0.037196	3.0
128	-0.154688	3.436524	0.760235	0.017889	3.1
129	-0.154231	4.397846	0.731460	0.056194	3.0
130	-0.155048	3.414038	0.760935	0.014827	3.0
131	-0.151031	4.413662	0.731005	0.043993	4.3
132	-0.160881	4.747142	0.721537	0.041307	3.5
133	-0.173539	3.763315	0.750203	0.030364	3.0
134	-0.175110	2.779488	0.781241	0.036449	3.1
135	-0.160238	2.332928	0.796193	0.030145	3.2
136	-0.143931	3.332774	0.763477	0.040994	3.7
137	-0.169828	2.497887	0.790603	0.032483	4.7
138	-0.171373	1.514059	0.825151	0.058833	3.2
139	-0.163002	0.530232	0.862857	0.040690	3.2
140	-0.132440	0.000000	0.884643	0.040706	3.1
141	-0.179711	0.000000	0.884643	0.052671	3.1
142	-0.152276	0.000000	0.884643	0.046469	4.1
143	-0.159135	0.996507	0.844566	0.030753	4.3
144	-0.185119	1.996502	0.807840	0.060696	4.5
145	-0.148772	2.519631	0.789872	0.024612	4.0
146	-0.178825	1.535805	0.824355	0.030066	3.5
147	-0.180110	2.527130	0.789620	0.025286	4.2
148	-0.158887	1.548408	0.823894	0.047642	3.1
149	-0.173606	2.548408	0.788907	0.037018	3.1
150	-0.163295	3.538836	0.757065	0.046594	3.1
151	-0.152783	2.555009	0.788686	0.057001	3.2
152	-0.175284	3.555009	0.756567	0.044342	3.1
153	-0.162938	2.572979	0.788085	0.021141	4.1
154	-0.175669	2.981046	0.774674	0.052677	4.2
155	-0.175401	3.981045	0.743664	0.027946	3.2
156	-0.163515	2.997218	0.774152	0.034248	3.1
157	-0.154464	2.015400	0.807177	0.036937	3.1
158	-0.189319	1.031643	0.843219	0.039063	4.4
159	-0.165252	2.031643	0.806608	0.052023	3.4
160	-0.160009	1.047816	0.842601	0.023511	3.0
161	-0.154990	2.047803	0.806042	0.036200	3.0
162	-0.146355	1.064114	0.841978	0.052527	3.3
163	-0.134753	1.752999	0.816486	0.051898	4.7
164	-0.150143	0.769171	0.853386	0.042680	3.5
165	-0.137060	0.000000	0.884643	0.042036	3.2
166	-0.161892	1.000000	0.844432	0.047954	3.2
167	-0.176214	0.018611	0.883860	0.054528	3.2
168	-0.168944	0.000000	0.884643	0.034388	3.6
169	-0.167408	0.000000	0.884643	0.036818	4.3
170	-0.166520	0.999850	0.844438	0.036342	3.3
171	-0.168027	1.999850	0.807723	0.040410	3.4
172	-0.168471	2.968468	0.775081	0.035646	3.1
173	-0.146560	3.968466	0.744039	0.028077	3.1
174	-0.183560	4.968374	0.715390	0.020909	4.1
175	-0.142796	5.965765	0.688929	0.018580	3.6
176	-0.154039	5.470351	0.701823	0.087306	3.4
177	-0.158783	4.486524	0.728915	0.051622	3.1
178	-0.170570	3.502696	0.758182	0.035377	3.3
179	-0.170218	2.518869	0.789898	0.041530	3.6
180	-0.174295	1.652555	0.820106	0.049399	4.6
181	-0.145659	0.758853	0.853791	0.042876	3.3
182	-0.134912	0.000000	0.884643	0.045634	3.2
183	-0.142597	0.000000	0.884643	0.059159	3.2
184	-0.152850	0.000000	0.884643	0.035972	3.1
185	-0.183534	0.540432	0.862448	0.037014	3.4
186	-0.171280	1.540407	0.824187	0.032544	4.2
187	-0.162878	0.573569	0.861123	0.039498	3.5
188	-0.153316	0.000000	0.884643	0.040877	3.1
189	-0.152505	0.991917	0.844742	0.048560	3.2
190	-0.181969	1.991917	0.808002	0.056756	3.3
191	-0.155721	2.991917	0.774323	0.058853	4.4
192	-0.159346	2.008090	0.807434	0.038716	3.2
193	-0.162088	2.902460	0.777221	0.027301	3.0
194	-0.193117	3.293720	0.764704	0.043136	3.1
195	-0.159168	2.523741	0.789734	0.034271	3.1
196	-0.153000	1.539914	0.824205	0.037397	3.2
197	-0.173005	0.613733	0.859523	0.033435	4.2
198	-0.151329	1.613704	0.821515	0.046605	3.7
199	-0.163900	2.613704	0.786726	0.042641	3.2
200	-0.188354	3.613704	0.754763	0.014759	3.0
201	-0.161767	2.773777	0.781428	0.048477	3.8
202	-0.183533	3.755616	0.750436	0.032867	4.4
203	-0.177282	4.755616	0.721299	0.036330	3.2
204	-0.163695	5.744739	0.694623	0.059109	3.3
205	-0.158358	6.643155	0.672047	0.038521	3.1
206	-0.149028	5.659328	0.696848	0.035031	3.1
207	-0.179796	4.675502	0.723550	0.017528	2.9
208	-0.155622	4.314048	0.733881	0.029692	3.7
209	-0.154344	4.638803	0.724585	0.057722	4.3
210	-0.156503	5.638803	0.697385	0.072588	3.2
211	-0.162958	4.654975	0.724129	0.049709	3.2
212	-0.167725	3.671148	0.753005	0.037611	3.8
213	-0.166406	4.671148	0.723672	0.023641	4.3
214	-0.151317	5.666753	0.696654	0.016786	3.1
215	-0.174197	5.278697	0.706942	0.032108	3.2
216	-0.180582	5.627904	0.697671	0.025030	3.0
217	-0.154273	4.977291	0.715144	0.044239	3.2
218	-0.183905	5.966809	0.688903	0.053158	4.3
219	-0.163960	6.966809	0.664270	0.041578	4.1
220	-0.164928	5.982981	0.688490	0.051743	3.3
221	-0.167897	6.982981	0.663886	0.021774	3.2
222	-0.165480	5.999155	0.688077	0.035226	2.9
223	-0.148650	6.998912	0.663508	0.033352	3.1
224	-0.148610	7.998851	0.640629	0.017641	3.5
225	-0.156547	7.061241	0.662034	0.023473	4.8
226	-0.166949	6.144024	0.684405	0.034090	3.3
227	-0.160810	7.144013	0.660087	0.053152	3.1
228	-0.155632	8.144013	0.637438	0.029704	3.0
229	-0.143317	9.144013	0.616292	0.051475	4.2
230	-0.153696	8.160258	0.637083	0.037794	3.6
231	-0.151818	7.189013	0.659033	0.033788	3.2
232	-0.156854	8.189011	0.636455	0.035162	3.2
233	-0.185873	7.206416	0.658627	0.030509	3.1
234	-0.168422	8.205401	0.636098	0.022784	3.0
235	-0.174539	7.328366	0.655792	0.039157	4.2
236	-0.189559	8.328325	0.633432	0.040785	3.7
237	-0.170205	7.447359	0.653048	0.062143	3.1
238	-0.144816	6.463531	0.676443	0.028530	3.1
239	-0.160528	7.463531	0.652677	0.028675	3.2
240	-0.155833	7.337868	0.655572	0.031769	4.6
241	-0.164221	7.487582	0.652126	0.028929	3.5
242	-0.160313	8.474094	0.630299	0.047076	3.0
243	-0.158523	7.490267	0.652065	0.020272	3.2
244	-0.143406	6.506951	0.675375	0.035412	3.1
245	-0.162368	7.506893	0.651685	0.042573	3.4
246	-0.168800	8.506889	0.629599	0.039079	4.4
247	-0.156139	9.205859	0.615030	0.050519	3.4
248	-0.170753	8.222074	0.635735	0.036319	3.0
249	-0.138803	9.222074	0.614700	0.055451	3.2
