1:ItNr	2:Metric	3a:Time	3b:StepSize	4:||Gradient||	Time[ms]
0	-0.214307	0.000000	3.587419	0.013477	1347.0
1	-0.235710	0.000000	3.587419	0.018325	4.0
2	-0.224301	0.000000	3.587419	0.016938	3.6
3	-0.213254	0.000000	3.587419	0.013130	3.6
4	-0.217910	0.000000	3.587419	0.012042	4.6
5	-0.238385	0.923317	3.436332	0.013278	4.5
6	-0.209925	0.000000	3.587419	0.009519	3.5
7	-0.225188	0.000000	3.587419	0.020415	3.6
8	-0.237170	0.999971	3.424359	0.016187	3.5
9	-0.238901	0.019570	3.584079	0.020981	4.7
10	-0.239375	1.019570	3.421311	0.008548	4.4
11	-0.235510	2.019570	3.272685	0.020131	3.7
12	-0.224001	1.105990	3.407936	0.005007	3.5
13	-0.243154	0.125592	3.566092	0.007787	3.4
14	-0.240689	0.000000	3.587419	0.017538	3.6
15	-0.246492	0.998933	3.424521	0.035924	4.6
16	-0.254833	1.998933	3.275622	0.006497	4.3
17	-0.236531	1.018531	3.421473	0.012223	3.6
18	-0.227953	1.475165	3.351958	0.012900	3.7
19	-0.239538	2.475165	3.209170	0.007890	4.6
20	-0.225618	1.858119	3.295801	0.013291	4.1
21	-0.232687	0.877720	3.443494	0.015221	3.5
22	-0.218230	0.000000	3.587419	0.007827	3.4
23	-0.241295	0.999999	3.424355	0.025502	3.5
24	-0.226191	0.019778	3.584044	0.016123	4.3
25	-0.226532	0.000000	3.587419	0.005754	4.9
26	-0.245139	0.998436	3.424598	0.009290	3.6
27	-0.231534	1.989610	3.276950	0.024486	3.5
28	-0.249963	2.989610	3.140351	0.014421	4.1
29	-0.223432	3.989610	3.014685	0.022398	4.7
30	-0.214286	4.989610	2.898689	0.017123	3.9
31	-0.237219	5.989610	2.791289	0.010585	3.5
32	-0.228413	5.009208	2.896505	0.012879	3.7
33	-0.248779	6.009188	2.789266	0.012615	4.1
34	-0.230620	7.008320	2.689765	0.015877	4.7
35	-0.227133	8.008284	2.597044	0.020928	3.9
36	-0.230817	9.008284	2.510500	0.011412	3.5
37	-0.230843	10.008284	2.429538	0.017539	3.5
38	-0.226520	11.007185	2.353715	0.009774	3.4
39	-0.228408	10.027748	2.428014	0.014788	5.6
40	-0.229969	10.363249	2.402041	0.017832	4.3
41	-0.242983	9.382855	2.479550	0.010467	3.6
42	-0.219815	10.381961	2.400609	0.010866	3.5
43	-0.215942	10.782220	2.370376	0.013390	4.7
44	-0.234343	11.782220	2.298069	0.005636	4.3
45	-0.219968	12.777756	2.230338	0.004303	3.6
46	-0.210708	13.516429	2.182607	0.017492	3.5
47	-0.236663	14.511884	2.121425	0.014635	3.5
48	-0.205793	15.511884	2.063323	0.004849	5.0
49	-0.249770	14.560236	2.118541	0.016881	4.0
50	-0.240014	13.579910	2.178600	0.018251	3.7
51	-0.230848	13.538076	2.181239	0.010077	3.5
52	-0.264743	12.557728	2.244961	0.009129	4.3
53	-0.267154	11.712188	2.302989	0.025370	4.8
54	-0.237495	10.731786	2.374143	0.027674	3.5
55	-0.252909	11.731786	2.301610	0.017196	3.5
56	-0.224949	10.751385	2.372678	0.009335	3.9
57	-0.230041	9.772456	2.448157	0.028589	4.2
58	-0.239581	8.792055	2.528721	0.009403	4.9
59	-0.232505	9.790031	2.446760	0.013927	3.6
60	-0.213850	8.809700	2.527224	0.004679	3.6
61	-0.208767	7.835857	2.612574	0.014995	3.7
62	-0.242655	8.801436	2.527925	0.013906	3.4
63	-0.229275	7.821035	2.613917	0.010612	4.6
64	-0.254223	6.934696	2.696854	0.006207	4.4
65	-0.202157	7.845939	2.611661	0.017091	3.5
66	-0.231414	6.865541	2.703547	0.008264	3.5
67	-0.219825	7.865540	2.609887	0.007567	4.6
68	-0.206588	8.648783	2.540941	0.008427	4.4
69	-0.220530	7.670576	2.627635	0.010014	3.6
70	-0.227020	7.742442	2.621065	0.014952	3.5
71	-0.251287	8.742442	2.532939	0.018545	3.6
72	-0.208429	9.742442	2.450547	0.015952	4.8
73	-0.238661	10.742442	2.373346	0.008827	4.3
74	-0.240152	11.742435	2.300861	0.009672	4.0
75	-0.220162	10.765668	2.371611	0.010942	3.7
76	-0.223898	9.785274	2.447138	0.010531	4.8
77	-0.234468	8.806892	2.527463	0.010092	5.4
78	-0.243191	9.645098	2.458331	0.033267	3.7
79	-0.222165	10.645098	2.380647	0.012420	3.7
80	-0.210511	11.645098	2.307722	0.003390	3.8
81	-0.244081	11.137891	2.344143	0.015227	4.7
82	-0.220692	10.966153	2.356737	0.023838	4.1
83	-0.225128	9.985751	2.431305	0.010667	3.8
84	-0.238893	10.985751	2.355293	0.011205	3.7
85	-0.238151	11.984224	2.283995	0.016002	3.5
86	-0.235685	12.984224	2.216788	0.010417	3.5
87	-0.249323	12.006255	2.282470	0.010433	4.8
88	-0.258203	12.980611	2.217023	0.029550	5.3
89	-0.241642	13.980611	2.153645	0.007215	3.7
90	-0.219717	14.980611	2.093789	0.007367	5.0
91	-0.228840	14.019554	2.151250	0.009827	4.7
92	-0.238159	13.060467	2.211825	0.013770	3.8
93	-0.239449	12.083682	2.277129	0.017388	3.6
94	-0.241696	11.103280	2.346670	0.008484	3.5
95	-0.239339	12.103279	2.275781	0.026731	4.4
96	-0.240588	11.122877	2.345238	0.016153	4.8
97	-0.226116	12.122877	2.274434	0.016794	3.7
98	-0.238744	11.142476	2.343808	0.024112	4.4
99	-0.231275	10.162074	2.417548	0.009542	4.7
100	-0.222705	9.181672	2.496078	0.013308	5.4
101	-0.232235	10.181532	2.416039	0.026341	3.6
102	-0.254080	9.201135	2.494469	0.013624	3.6
103	-0.242332	8.220733	2.578163	0.012325	3.6
104	-0.213596	7.242276	2.667483	0.019668	4.7
105	-0.228557	8.242276	2.576263	0.007641	4.1
106	-0.251022	7.262617	2.665564	0.009345	4.1
107	-0.236631	6.287904	2.760776	0.017216	3.5
108	-0.245693	7.287904	2.663181	0.021251	3.7
109	-0.234689	6.307502	2.758795	0.026803	4.8
110	-0.238247	5.327100	2.861531	0.011679	4.7
111	-0.231297	6.327100	2.756817	0.011680	3.7
112	-0.264927	5.346705	2.859401	0.015375	3.5
113	-0.231828	6.125365	2.777319	0.018174	4.0
114	-0.220483	5.629893	2.828994	0.007825	4.8
115	-0.227176	5.188786	2.876644	0.019326	3.9
116	-0.234324	6.175750	2.772170	0.008813	3.6
117	-0.231087	7.175474	2.673808	0.009581	3.5
118	-0.237791	6.195382	2.770169	0.014847	3.8
119	-0.232204	6.917116	2.698553	0.014163	5.4
120	-0.229302	5.936714	2.796770	0.006430	4.0
121	-0.238331	5.567932	2.835592	0.016004	3.6
122	-0.226870	4.587535	2.944238	0.009855	4.1
123	-0.228030	3.608579	3.061363	0.019673	8.5
124	-0.242422	4.608579	2.941819	0.019608	3.8
125	-0.223154	3.628177	3.058927	0.010020	3.6
126	-0.235833	4.628177	2.939569	0.017459	3.7
127	-0.236102	5.628177	2.829176	0.008022	4.8
128	-0.227695	4.650327	2.937031	0.014287	4.4
129	-0.233763	5.650326	2.826825	0.010011	7.1
130	-0.231388	4.677690	2.933901	0.016925	7.3
131	-0.226552	3.697289	3.050367	0.007695	6.1
132	-0.243595	4.697233	2.931670	0.022102	4.3
133	-0.229512	3.810378	3.036463	0.009667	4.2
134	-0.233288	4.810378	2.918818	0.014110	4.8
135	-0.202917	3.830037	3.034059	0.017982	3.8
136	-0.236294	4.830037	2.916597	0.019400	3.6
137	-0.221842	5.830037	2.807890	0.018402	3.5
138	-0.241093	4.849635	2.914386	0.015285	6.7
139	-0.225595	3.869234	3.029277	0.005622	4.6
140	-0.250874	2.889499	3.153511	0.006570	8.0
141	-0.242877	3.293299	3.101094	0.012115	4.8
142	-0.242091	4.291929	2.978650	0.012908	4.5
143	-0.229754	3.312149	3.098690	0.004188	3.6
144	-0.258051	3.595096	3.063042	0.007261	3.6
145	-0.237685	2.698891	3.178875	0.016296	3.6
146	-0.221354	1.719428	3.315920	0.023015	7.8
147	-0.246413	0.739030	3.465463	0.016863	4.3
148	-0.245623	0.000000	3.587419	0.010754	4.5
149	-0.228384	0.000000	3.587419	0.013445	3.6
150	-0.237333	0.999680	3.424405	0.011323	9.5
151	-0.228196	1.999668	3.275517	0.007960	5.9
152	-0.243657	2.251907	3.239984	0.002773	3.7
153	-0.255242	1.996655	3.275946	0.009683	4.6
154	-0.220388	1.619459	3.330575	0.018224	4.3
155	-0.228760	0.639918	3.481335	0.017501	3.6
156	-0.224414	0.000000	3.587419	0.016929	3.5
157	-0.217899	0.000000	3.587419	0.018047	3.5
158	-0.240147	0.000000	3.587419	0.012645	4.3
159	-0.230145	0.000000	3.587419	0.007859	4.9
160	-0.240576	0.996203	3.424946	0.009633	3.5
161	-0.215615	0.015992	3.584689	0.008123	4.0
162	-0.230434	0.000000	3.587419	0.013537	4.9
163	-0.225539	0.000000	3.587419	0.021080	5.0
164	-0.239993	0.000000	3.587419	0.015469	3.7
165	-0.251588	0.000000	3.587419	0.017771	3.7
166	-0.236815	0.000000	3.587419	0.010909	4.2
167	-0.246960	0.999993	3.424356	0.010533	4.8
168	-0.254196	1.999830	3.275494	0.012632	3.9
169	-0.234114	1.019444	3.421331	0.016658	3.7
170	-0.223718	2.019444	3.272703	0.019032	3.6
171	-0.240902	1.039043	3.418288	0.007211	3.6
172	-0.234748	2.039042	3.269919	0.017879	5.4
173	-0.252456	3.039041	3.133894	0.014774	5.0
174	-0.251971	2.620928	3.189367	0.024245	3.7
175	-0.236903	1.640528	3.327476	0.013331	3.7
176	-0.243904	0.660126	3.478087	0.018233	4.8
177	-0.220318	0.000000	3.587419	0.013417	4.0
178	-0.246879	1.000000	3.424355	0.003930	3.5
179	-0.243904	0.035087	3.581435	0.025240	3.5
180	-0.252377	0.696729	3.472219	0.017588	3.5
181	-0.231394	0.000000	3.587419	0.019151	4.5
182	-0.233940	0.741657	3.465044	0.015078	5.0
183	-0.248917	1.664296	3.323986	0.005685	3.9
184	-0.222456	2.587780	3.193849	0.037430	4.0
185	-0.252512	3.587763	3.063955	0.007043	5.3
186	-0.228220	2.607361	3.191200	0.018755	4.4
187	-0.222685	3.597386	3.062756	0.022604	3.6
188	-0.233671	2.616997	3.189898	0.032333	3.7
189	-0.240575	1.636595	3.328054	0.023927	3.7
190	-0.231780	2.636595	3.187253	0.010169	4.5
191	-0.254775	1.656194	3.325175	0.014535	4.2
192	-0.216149	2.656183	3.184614	0.009046	3.7
193	-0.251108	3.656153	3.055456	0.007594	3.5
194	-0.244622	4.623999	2.940049	0.015701	4.0
195	-0.211244	5.623945	2.829626	0.009537	4.9
196	-0.226766	4.898438	2.908894	0.004167	7.2
197	-0.237529	5.837600	2.807099	0.008884	3.6
198	-0.231042	6.550602	2.734452	0.017670	4.2
199	-0.227494	7.550602	2.638677	0.006392	5.6
200	-0.233502	6.570222	2.732506	0.030571	3.8
201	-0.220897	7.570137	2.636872	0.008659	3.6
202	-0.227484	6.604561	2.729107	0.008403	3.5
203	-0.248338	7.602506	2.633888	0.015545	3.9
204	-0.236360	8.602506	2.544913	0.007842	4.6
205	-0.236019	7.685331	2.626283	0.010434	3.9
206	-0.231943	8.674246	2.538760	0.012041	4.0
207	-0.234266	9.640218	2.458723	0.005803	3.8
208	-0.237557	8.660333	2.539951	0.018700	4.9
209	-0.241723	9.639834	2.458754	0.013716	4.2
210	-0.240382	10.639834	2.381043	0.023745	3.6
211	-0.233192	11.639834	2.308094	0.022819	3.6
212	-0.237899	10.659432	2.379569	0.037360	4.1
213	-0.223019	9.679031	2.455612	0.018825	4.9
214	-0.227957	8.698630	2.536676	0.018645	3.8
215	-0.240361	9.214563	2.493361	0.023755	3.8
216	-0.228466	8.234161	2.576978	0.020891	3.7
217	-0.230669	7.253777	2.666398	0.021110	3.6
218	-0.257848	8.253777	2.575250	0.008246	4.9
219	-0.217688	7.273376	2.664549	0.023845	4.4
220	-0.246742	6.292985	2.760263	0.007279	3.5
221	-0.226955	7.292982	2.662703	0.015746	3.5
222	-0.241576	8.292727	2.571826	0.011672	4.7
223	-0.253370	7.312325	2.660884	0.014266	4.5
224	-0.240885	8.312295	2.570109	0.006149	3.6
225	-0.249181	9.310186	2.485495	0.016754	3.7
226	-0.220548	8.331266	2.568447	0.009204	3.7
227	-0.230327	7.351010	2.657253	0.005142	5.0
228	-0.240728	8.346764	2.567091	0.021377	4.3
229	-0.224037	9.346740	2.482501	0.019574	3.6
230	-0.247264	10.346739	2.403306	0.004086	4.4
231	-0.250715	9.687103	2.454966	0.013406	4.9
232	-0.229478	9.106654	2.502297	0.001906	4.3
233	-0.261567	10.024780	2.428246	0.013775	3.5
234	-0.231788	10.864375	2.364264	0.011191	3.6
235	-0.243525	9.883974	2.439317	0.007328	3.6
236	-0.222524	10.858621	2.364691	0.006168	4.9
237	-0.243621	11.777975	2.298367	0.009348	3.9
238	-0.259791	12.631657	2.240026	0.016817	3.9
239	-0.233774	11.651256	2.307287	0.004853	3.5
240	-0.233112	11.073024	2.348884	0.015838	3.6
241	-0.235003	10.109573	2.421628	0.014640	3.8
242	-0.239600	9.129171	2.500427	0.009546	4.8
243	-0.252932	10.105307	2.421960	0.009086	3.8
244	-0.238473	9.128294	2.500500	0.011653	3.6
245	-0.244562	10.128279	2.420172	0.024424	4.1
246	-0.237878	11.128279	2.344844	0.021968	4.8
247	-0.225844	12.128279	2.274063	0.019781	3.8
248	-0.234754	11.147878	2.343415	0.012049	3.5
249	-0.224762	12.147877	2.272719	0.010408	3.5
