1:ItNr	2:Metric	3a:Time	3b:StepSize	4:||Gradient||	Time[ms]
0	-0.274962	0.000000	27.823276	0.002865	117.0
1	-0.280602	0.000000	27.823276	0.012183	3.5
2	-0.271493	0.000000	27.823276	0.012436	3.7
3	-0.264907	0.000000	27.823276	0.007699	3.6
4	-0.299453	0.000000	27.823276	0.008569	3.5
5	-0.289236	0.000000	27.823276	0.005968	3.6
6	-0.263366	0.000000	27.823276	0.005528	3.4
7	-0.296824	0.000000	27.823276	0.003557	3.9
8	-0.298462	0.000000	27.823276	0.001625	3.7
9	-0.271915	0.000000	27.823276	0.008050	3.6
10	-0.307144	0.129871	27.652266	0.010243	3.8
11	-0.272912	1.129865	26.402728	0.005374	3.8
12	-0.262653	0.451737	27.237365	0.003246	3.6
13	-0.296375	0.000000	27.823276	0.004573	4.0
14	-0.320472	0.000000	27.823276	0.008604	3.9
15	-0.293333	0.000000	27.823276	0.005894	3.6
16	-0.256346	0.999494	26.559193	0.013725	3.5
17	-0.296368	0.321316	27.403974	0.008134	3.5
18	-0.275357	0.000000	27.823276	0.004290	3.6
19	-0.283331	0.000000	27.823276	0.008360	3.6
20	-0.303293	0.000000	27.823276	0.002438	3.5
21	-0.300140	0.000000	27.823276	0.007776	3.5
22	-0.286928	0.000000	27.823276	0.003066	3.7
23	-0.295523	0.000000	27.823276	0.005490	3.8
24	-0.308091	0.000000	27.823276	0.005957	3.7
25	-0.283944	0.000000	27.823276	0.009104	4.3
26	-0.316233	0.000000	27.823276	0.007902	4.5
27	-0.289036	0.486626	27.193139	0.004952	4.3
28	-0.265822	1.362584	26.127964	0.005648	4.5
29	-0.289388	0.684758	26.944678	0.005276	4.2
30	-0.287083	0.006609	27.814523	0.005382	3.9
31	-0.279124	0.000000	27.823276	0.007043	4.5
32	-0.293886	0.000000	27.823276	0.005874	4.0
33	-0.289747	0.000000	27.823276	0.005388	4.5
34	-0.289883	0.990736	26.569770	0.010451	3.6
35	-0.312952	0.312567	27.415224	0.008226	4.0
36	-0.308620	0.000000	27.823276	0.006531	4.1
37	-0.290513	0.000000	27.823276	0.005854	4.2
38	-0.322684	0.000000	27.823276	0.005109	3.8
39	-0.295486	0.998199	26.560756	0.008110	4.3
40	-0.293164	1.714639	25.723006	0.006159	4.3
41	-0.293931	2.710204	24.642926	0.004249	4.4
42	-0.344359	3.529773	23.819576	0.005831	4.4
43	-0.295691	2.874014	24.473840	0.003798	4.2
44	-0.315335	2.197251	25.187847	0.007830	4.8
45	-0.276512	1.551726	25.908829	0.009767	4.6
46	-0.311143	0.873548	26.712118	0.007179	4.3
47	-0.280491	0.195384	27.566794	0.005964	4.5
48	-0.315240	0.000000	27.823276	0.009039	4.7
49	-0.311309	0.000000	27.823276	0.002440	3.7
50	-0.305381	0.980033	26.582708	0.010914	6.6
51	-0.310424	1.799699	25.627041	0.001720	6.9
52	-0.313958	2.796867	24.553182	0.005821	6.9
53	-0.303831	3.582988	23.768014	0.007662	4.3
54	-0.309717	2.904846	24.442275	0.008806	4.2
55	-0.303108	2.226668	25.155946	0.007433	5.3
56	-0.307499	1.548490	25.912547	0.010802	4.3
57	-0.319379	0.870312	26.716070	0.007663	3.9
58	-0.317011	0.192135	27.571021	0.008596	3.9
59	-0.327369	0.000000	27.823276	0.004141	6.7
60	-0.303705	0.000000	27.823276	0.004804	4.0
61	-0.326377	0.000000	27.823276	0.002951	3.5
62	-0.311782	0.000000	27.823276	0.004463	3.4
63	-0.332025	0.000000	27.823276	0.001709	3.4
64	-0.329720	0.038023	27.772991	0.008783	4.7
65	-0.322638	0.000000	27.823276	0.006513	4.2
66	-0.336095	0.000000	27.823276	0.005456	4.7
67	-0.315269	0.000000	27.823276	0.008855	3.7
68	-0.299981	0.000000	27.823276	0.004411	3.6
69	-0.332775	0.899621	26.680316	0.006698	4.6
70	-0.324456	1.899480	25.515374	0.003336	6.0
71	-0.312407	1.223564	26.291408	0.005709	3.8
72	-0.321885	2.207634	25.176578	0.009189	4.4
73	-0.276518	1.529470	25.934423	0.007059	4.5
74	-0.330829	0.851296	26.739320	0.001999	3.5
75	-0.310543	1.831883	25.590916	0.005728	3.4
76	-0.319325	2.487238	24.876863	0.002563	3.6
77	-0.317179	3.386878	23.959148	0.005191	3.4
78	-0.308420	4.361646	23.038284	0.005694	5.0
79	-0.287164	5.356306	22.168842	0.005966	4.2
80	-0.309755	4.678499	22.754009	0.009875	4.5
81	-0.310876	5.678499	21.901112	0.002618	3.6
82	-0.334243	5.000393	22.472306	0.007953	5.1
83	-0.298144	4.429565	22.976752	0.007677	3.6
84	-0.339310	5.429545	22.107411	0.002473	3.4
85	-0.282421	6.422390	21.306998	0.003586	3.3
86	-0.333162	6.085754	21.571812	0.009657	3.3
87	-0.297796	5.628709	21.942063	0.005043	3.3
88	-0.320421	4.952639	22.513656	0.003968	4.0
89	-0.290028	5.939682	21.688779	0.004778	4.4
90	-0.327034	6.400612	21.323932	0.003171	3.5
91	-0.294651	6.555505	21.204068	0.010918	4.1
92	-0.288981	6.129951	21.536670	0.004263	4.9
93	-0.286720	7.129891	20.771101	0.009455	6.5
94	-0.282861	6.451714	21.284237	0.005805	4.5
95	-0.318162	7.451714	20.536155	0.004464	3.3
96	-0.296441	6.776197	21.035594	0.005671	4.4
97	-0.326152	6.098128	21.561962	0.007933	3.8
98	-0.315349	7.097622	20.794956	0.006616	3.4
99	-0.355764	7.949487	20.183045	0.011563	3.4
100	-0.298864	7.271309	20.667200	0.007898	3.6
101	-0.291470	6.593153	21.175138	0.008082	5.2
102	-0.340212	5.914975	21.708688	0.009982	5.1
103	-0.316842	5.472552	22.071495	0.003819	4.4
104	-0.287557	4.907285	22.553069	0.007055	5.0
105	-0.322699	4.742603	22.697347	0.004756	10.8
106	-0.313402	5.742593	21.848622	0.002497	5.6
107	-0.307010	5.618632	21.950369	0.005808	3.4
108	-0.344842	5.854004	21.757977	0.004040	3.9
109	-0.323473	5.421834	22.113862	0.005473	3.4
110	-0.334064	4.744241	22.695903	0.005909	4.2
111	-0.295656	4.066256	23.309775	0.006830	5.0
112	-0.351431	3.398739	23.947500	0.003820	6.5
113	-0.295141	4.396631	23.006548	0.005568	5.0
114	-0.308990	3.719020	23.637216	0.002876	4.5
115	-0.348142	3.342745	24.002585	0.007913	3.4
116	-0.316589	4.341483	23.056614	0.007488	3.4
117	-0.302133	4.021128	23.351817	0.007473	3.8
118	-0.324930	3.342951	24.002381	0.003062	5.1
119	-0.325314	2.925701	24.420969	0.009882	3.4
120	-0.315227	2.477025	24.887685	0.005804	3.6
121	-0.312529	1.799009	25.627816	0.004337	4.2
122	-0.336953	2.473291	24.891644	0.003882	5.0
123	-0.294581	1.800790	25.625814	0.003270	3.7
124	-0.300372	2.679248	24.675142	0.009532	4.0
125	-0.335664	3.466438	23.881237	0.007161	4.0
126	-0.359643	2.788261	24.562065	0.003552	3.8
127	-0.329954	2.396018	24.973857	0.006984	4.0
128	-0.309677	1.737898	25.696694	0.005796	4.5
129	-0.334780	1.874088	25.543698	0.009038	3.5
130	-0.337943	1.269468	26.237214	0.002183	3.3
131	-0.312894	2.182415	25.203966	0.009528	4.4
132	-0.317045	3.181242	24.162895	0.011869	4.1
133	-0.325226	2.503064	24.860112	0.009552	4.1
134	-0.324353	1.824886	25.598761	0.010874	3.6
135	-0.328353	1.146708	26.382648	0.007943	3.6
136	-0.338463	0.469320	27.215059	0.006182	4.3
137	-0.324427	0.000000	27.823276	0.001340	5.4
138	-0.342117	0.581775	27.073250	0.008321	3.9
139	-0.341590	0.496045	27.181224	0.006355	3.4
140	-0.315620	0.000000	27.823276	0.002801	4.2
141	-0.313234	0.000000	27.823276	0.003704	4.2
142	-0.333678	0.318097	27.408113	0.009457	3.2
143	-0.325917	1.192467	26.328250	0.012835	3.3
144	-0.306518	0.514289	27.158174	0.009145	3.4
145	-0.322402	0.000000	27.823276	0.008297	4.3
146	-0.307346	0.000000	27.823276	0.011811	5.7
147	-0.311159	0.000000	27.823276	0.013537	4.0
148	-0.346088	0.000000	27.823276	0.012367	4.0
149	-0.334355	0.000000	27.823276	0.002561	4.4
150	-0.313612	0.999010	26.559778	0.008352	4.8
151	-0.333948	1.996699	25.407508	0.005528	3.3
152	-0.351466	1.318522	26.179548	0.007651	3.2
153	-0.373206	0.642394	26.997420	0.005666	3.2
154	-0.346419	0.000000	27.823276	0.005914	3.3
155	-0.361974	0.000000	27.823276	0.008806	4.3
156	-0.331598	0.000000	27.823276	0.007076	4.3
157	-0.349346	0.000000	27.823276	0.010027	4.1
158	-0.381469	0.998030	26.560960	0.003270	3.8
159	-0.338958	0.319864	27.405841	0.004103	3.3
160	-0.315386	0.365229	27.347650	0.005558	4.0
161	-0.321747	0.000000	27.823276	0.004611	5.1
162	-0.335815	0.000000	27.823276	0.005496	5.2
163	-0.382093	0.000000	27.823276	0.012749	3.6
164	-0.338299	0.000000	27.823276	0.006323	5.1
165	-0.310195	0.000000	27.823276	0.008112	3.8
166	-0.355847	0.000000	27.823276	0.005445	3.2
167	-0.315443	1.000000	26.558582	0.008146	3.5
168	-0.330956	0.323098	27.401685	0.009761	4.7
169	-0.323802	0.000000	27.823276	0.009851	7.3
170	-0.394078	0.000000	27.823276	0.007910	4.4
171	-0.334167	0.000000	27.823276	0.004731	5.2
172	-0.345675	0.000000	27.823276	0.005679	5.3
173	-0.326758	0.000000	27.823276	0.005725	4.4
174	-0.332188	0.787777	26.817275	0.003557	4.0
175	-0.350610	0.110608	27.677498	0.009478	3.5
176	-0.362180	0.000000	27.823276	0.002295	3.4
177	-0.342317	0.807471	26.793056	0.003875	3.4
178	-0.341624	0.472599	27.210903	0.011958	3.7
179	-0.309443	0.000000	27.823276	0.003492	10.6
180	-0.341629	0.000000	27.823276	0.006497	4.9
181	-0.316882	0.000000	27.823276	0.009616	6.6
182	-0.336923	1.000000	26.558582	0.006815	4.0
183	-0.355611	2.000000	25.403861	0.009767	3.3
184	-0.345488	2.999976	24.345391	0.006069	3.9
185	-0.360485	2.321835	25.053295	0.001665	4.3
186	-0.350400	1.903919	25.510429	0.006111	3.4
187	-0.338857	1.313662	26.185249	0.007695	3.3
188	-0.327395	0.646706	26.992042	0.003483	3.7
189	-0.357130	0.000000	27.823276	0.010323	5.2
190	-0.323775	0.000000	27.823276	0.002861	5.5
191	-0.362514	0.736400	26.880661	0.005716	6.7
192	-0.372199	0.506955	27.167435	0.005405	5.6
193	-0.322342	0.987945	26.573143	0.007000	5.1
194	-0.343589	0.309772	27.418820	0.004293	3.4
195	-0.339808	1.144168	26.385674	0.010298	3.4
196	-0.344338	0.653221	26.983920	0.006064	3.3
197	-0.337650	1.653207	25.792764	0.003192	3.3
198	-0.350257	1.049388	26.499094	0.001457	3.3
199	-0.397611	0.578413	27.077469	0.005045	3.4
200	-0.322379	0.116620	27.669618	0.008706	7.4
201	-0.348046	0.000000	27.823276	0.009586	4.1
202	-0.323292	0.000000	27.823276	0.007585	4.9
203	-0.359676	0.000000	27.823276	0.001438	8.0
204	-0.382140	0.000000	27.823276	0.003975	3.8
205	-0.337123	0.690532	26.937504	0.007329	3.3
206	-0.348322	0.157791	27.615775	0.012721	4.6
207	-0.367965	1.157780	26.369465	0.005039	4.0
208	-0.334755	0.479602	27.202031	0.004952	3.3
209	-0.346312	0.141608	27.636914	0.004626	3.3
210	-0.353667	0.000000	27.823276	0.005776	6.1
211	-0.329117	0.988990	26.571881	0.005924	5.8
212	-0.368975	1.988982	25.416036	0.005530	4.3
213	-0.344513	2.966048	24.379856	0.005683	4.5
214	-0.348777	2.896755	24.450550	0.013624	4.4
215	-0.381362	2.218578	25.164711	0.005455	4.0
216	-0.356776	1.540400	25.921847	0.005261	4.4
217	-0.336462	0.873823	26.711782	0.006517	4.0
218	-0.295080	1.860124	25.559302	0.009476	3.4
219	-0.344712	1.181946	26.340737	0.007830	3.3
220	-0.349538	0.503768	27.171461	0.008475	4.5
221	-0.371854	0.000000	27.823276	0.004405	5.6
222	-0.355171	0.000000	27.823276	0.002804	5.3
223	-0.356494	0.000000	27.823276	0.006806	4.5
224	-0.354390	0.958044	26.609328	0.010708	6.4
225	-0.331925	0.919091	26.656616	0.005933	5.0
226	-0.330723	0.240914	27.507706	0.017960	3.2
227	-0.370490	1.240914	26.270899	0.008555	3.9
228	-0.360146	2.240914	25.140526	0.005941	4.3
229	-0.317809	3.240914	24.103415	0.006395	3.4
230	-0.358860	2.576862	24.782297	0.006492	3.4
231	-0.336738	1.898690	25.516254	0.006332	3.4
232	-0.324939	1.220513	26.295019	0.003912	3.3
233	-0.371538	0.550509	27.112529	0.006947	8.5
234	-0.369850	1.321258	26.176338	0.005991	4.8
235	-0.370341	1.155448	26.372241	0.009541	4.5
236	-0.367203	2.149162	25.240171	0.004850	4.8
237	-0.360710	1.534723	25.928378	0.006241	4.4
238	-0.373898	0.856632	26.732792	0.005931	3.7
239	-0.388268	0.180676	27.585938	0.009817	3.4
240	-0.352985	0.000000	27.823276	0.005248	3.3
241	-0.386234	0.000000	27.823276	0.008457	3.4
242	-0.347842	0.000000	27.823276	0.005778	3.4
243	-0.365003	0.000000	27.823276	0.005223	4.2
244	-0.337470	0.000000	27.823276	0.002109	6.3
245	-0.381063	0.000000	27.823276	0.004975	5.5
246	-0.353113	0.000000	27.823276	0.006296	7.5
247	-0.347269	0.000000	27.823276	0.003556	4.5
248	-0.372271	0.000000	27.823276	0.003309	3.4
249	-0.340953	0.000000	27.823276	0.006414	3.4
