index
2704
1 1
1 11
1 21
1 31
1 41
1 51
1 61
1 71
1 81
1 91
1 101
1 111
1 121
1 131
1 141
1 151
1 161
1 171
1 181
1 191
1 201
1 211
1 221
1 231
1 241
1 251
1 261
1 271
1 281
1 291
1 301
1 311
1 321
1 331
1 341
1 351
1 361
1 371
1 381
1 391
1 401
1 411
1 421
1 431
1 441
1 451
1 461
1 471
1 481
1 491
1 501
1 511
11 1
11 11
11 21
11 31
11 41
11 51
11 61
11 71
11 81
11 91
11 101
11 111
11 121
11 131
11 141
11 151
11 161
11 171
11 181
11 191
11 201
11 211
11 221
11 231
11 241
11 251
11 261
11 271
11 281
11 291
11 301
11 311
11 321
11 331
11 341
11 351
11 361
11 371
11 381
11 391
11 401
11 411
11 421
11 431
11 441
11 451
11 461
11 471
11 481
11 491
11 501
11 511
21 1
21 11
21 21
21 31
21 41
21 51
21 61
21 71
21 81
21 91
21 101
21 111
21 121
21 131
21 141
21 151
21 161
21 171
21 181
21 191
21 201
21 211
21 221
21 231
21 241
21 251
21 261
21 271
21 281
21 291
21 301
21 311
21 321
21 331
21 341
21 351
21 361
21 371
21 381
21 391
21 401
21 411
21 421
21 431
21 441
21 451
21 461
21 471
21 481
21 491
21 501
21 511
31 1
31 11
31 21
31 31
31 41
31 51
31 61
31 71
31 81
31 91
31 101
31 111
31 121
31 131
31 141
31 151
31 161
31 171
31 181
31 191
31 201
31 211
31 221
31 231
31 241
31 251
31 261
31 271
31 281
31 291
31 301
31 311
31 321
31 331
31 341
31 351
31 361
31 371
31 381
31 391
31 401
31 411
31 421
31 431
31 441
31 451
31 461
31 471
31 481
31 491
31 501
31 511
41 1
41 11
41 21
41 31
41 41
41 51
41 61
41 71
41 81
41 91
41 101
41 111
41 121
41 131
41 141
41 151
41 161
41 171
41 181
41 191
41 201
41 211
41 221
41 231
41 241
41 251
41 261
41 271
41 281
41 291
41 301
41 311
41 321
41 331
41 341
41 351
41 361
41 371
41 381
41 391
41 401
41 411
41 421
41 431
41 441
41 451
41 461
41 471
41 481
41 491
41 501
41 511
51 1
51 11
51 21
51 31
51 41
51 51
51 61
51 71
51 81
51 91
51 101
51 111
51 121
51 131
51 141
51 151
51 161
51 171
51 181
51 191
51 201
51 211
51 221
51 231
51 241
51 251
51 261
51 271
51 281
51 291
51 301
51 311
51 321
51 331
51 341
51 351
51 361
51 371
51 381
51 391
51 401
51 411
51 421
51 431
51 441
51 451
51 461
51 471
51 481
51 491
51 501
51 511
61 1
61 11
61 21
61 31
61 41
61 51
61 61
61 71
61 81
61 91
61 101
61 111
61 121
61 131
61 141
61 151
61 161
61 171
61 181
61 191
61 201
61 211
61 221
61 231
61 241
61 251
61 261
61 271
61 281
61 291
61 301
61 311
61 321
61 331
61 341
61 351
61 361
61 371
61 381
61 391
61 401
61 411
61 421
61 431
61 441
61 451
61 461
61 471
61 481
61 491
61 501
61 511
71 1
71 11
71 21
71 31
71 41
71 51
71 61
71 71
71 81
71 91
71 101
71 111
71 121
71 131
71 141
71 151
71 161
71 171
71 181
71 191
71 201
71 211
71 221
71 231
71 241
71 251
71 261
71 271
71 281
71 291
71 301
71 311
71 321
71 331
71 341
71 351
71 361
71 371
71 381
71 391
71 401
71 411
71 421
71 431
71 441
71 451
71 461
71 471
71 481
71 491
71 501
71 511
81 1
81 11
81 21
81 31
81 41
81 51
81 61
81 71
81 81
81 91
81 101
81 111
81 121
81 131
81 141
81 151
81 161
81 171
81 181
81 191
81 201
81 211
81 221
81 231
81 241
81 251
81 261
81 271
81 281
81 291
81 301
81 311
81 321
81 331
81 341
81 351
81 361
81 371
81 381
81 391
81 401
81 411
81 421
81 431
81 441
81 451
81 461
81 471
81 481
81 491
81 501
81 511
91 1
91 11
91 21
91 31
91 41
91 51
91 61
91 71
91 81
91 91
91 101
91 111
91 121
91 131
91 141
91 151
91 161
91 171
91 181
91 191
91 201
91 211
91 221
91 231
91 241
91 251
91 261
91 271
91 281
91 291
91 301
91 311
91 321
91 331
91 341
91 351
91 361
91 371
91 381
91 391
91 401
91 411
91 421
91 431
91 441
91 451
91 461
91 471
91 481
91 491
91 501
91 511
101 1
101 11
101 21
101 31
101 41
101 51
101 61
101 71
101 81
101 91
101 101
101 111
101 121
101 131
101 141
101 151
101 161
101 171
101 181
101 191
101 201
101 211
101 221
101 231
101 241
101 251
101 261
101 271
101 281
101 291
101 301
101 311
101 321
101 331
101 341
101 351
101 361
101 371
101 381
101 391
101 401
101 411
101 421
101 431
101 441
101 451
101 461
101 471
101 481
101 491
101 501
101 511
111 1
111 11
111 21
111 31
111 41
111 51
111 61
111 71
111 81
111 91
111 101
111 111
111 121
111 131
111 141
111 151
111 161
111 171
111 181
111 191
111 201
111 211
111 221
111 231
111 241
111 251
111 261
111 271
111 281
111 291
111 301
111 311
111 321
111 331
111 341
111 351
111 361
111 371
111 381
111 391
111 401
111 411
111 421
111 431
111 441
111 451
111 461
111 471
111 481
111 491
111 501
111 511
121 1
121 11
121 21
121 31
121 41
121 51
121 61
121 71
121 81
121 91
121 101
121 111
121 121
121 131
121 141
121 151
121 161
121 171
121 181
121 191
121 201
121 211
121 221
121 231
121 241
121 251
121 261
121 271
121 281
121 291
121 301
121 311
121 321
121 331
121 341
121 351
121 361
121 371
121 381
121 391
121 401
121 411
121 421
121 431
121 441
121 451
121 461
121 471
121 481
121 491
121 501
121 511
131 1
131 11
131 21
131 31
131 41
131 51
131 61
131 71
131 81
131 91
131 101
131 111
131 121
131 131
131 141
131 151
131 161
131 171
131 181
131 191
131 201
131 211
131 221
131 231
131 241
131 251
131 261
131 271
131 281
131 291
131 301
131 311
131 321
131 331
131 341
131 351
131 361
131 371
131 381
131 391
131 401
131 411
131 421
131 431
131 441
131 451
131 461
131 471
131 481
131 491
131 501
131 511
141 1
141 11
141 21
141 31
141 41
141 51
141 61
141 71
141 81
141 91
141 101
141 111
141 121
141 131
141 141
141 151
141 161
141 171
141 181
141 191
141 201
141 211
141 221
141 231
141 241
141 251
141 261
141 271
141 281
141 291
141 301
141 311
141 321
141 331
141 341
141 351
141 361
141 371
141 381
141 391
141 401
141 411
141 421
141 431
141 441
141 451
141 461
141 471
141 481
141 491
141 501
141 511
151 1
151 11
151 21
151 31
151 41
151 51
151 61
151 71
151 81
151 91
151 101
151 111
151 121
151 131
151 141
151 151
151 161
151 171
151 181
151 191
151 201
151 211
151 221
151 231
151 241
151 251
151 261
151 271
151 281
151 291
151 301
151 311
151 321
151 331
151 341
151 351
151 361
151 371
151 381
151 391
151 401
151 411
151 421
151 431
151 441
151 451
151 461
151 471
151 481
151 491
151 501
151 511
161 1
161 11
161 21
161 31
161 41
161 51
161 61
161 71
161 81
161 91
161 101
161 111
161 121
161 131
161 141
161 151
161 161
161 171
161 181
161 191
161 201
161 211
161 221
161 231
161 241
161 251
161 261
161 271
161 281
161 291
161 301
161 311
161 321
161 331
161 341
161 351
161 361
161 371
161 381
161 391
161 401
161 411
161 421
161 431
161 441
161 451
161 461
161 471
161 481
161 491
161 501
161 511
171 1
171 11
171 21
171 31
171 41
171 51
171 61
171 71
171 81
171 91
171 101
171 111
171 121
171 131
171 141
171 151
171 161
171 171
171 181
171 191
171 201
171 211
171 221
171 231
171 241
171 251
171 261
171 271
171 281
171 291
171 301
171 311
171 321
171 331
171 341
171 351
171 361
171 371
171 381
171 391
171 401
171 411
171 421
171 431
171 441
171 451
171 461
171 471
171 481
171 491
171 501
171 511
181 1
181 11
181 21
181 31
181 41
181 51
181 61
181 71
181 81
181 91
181 101
181 111
181 121
181 131
181 141
181 151
181 161
181 171
181 181
181 191
181 201
181 211
181 221
181 231
181 241
181 251
181 261
181 271
181 281
181 291
181 301
181 311
181 321
181 331
181 341
181 351
181 361
181 371
181 381
181 391
181 401
181 411
181 421
181 431
181 441
181 451
181 461
181 471
181 481
181 491
181 501
181 511
191 1
191 11
191 21
191 31
191 41
191 51
191 61
191 71
191 81
191 91
191 101
191 111
191 121
191 131
191 141
191 151
191 161
191 171
191 181
191 191
191 201
191 211
191 221
191 231
191 241
191 251
191 261
191 271
191 281
191 291
191 301
191 311
191 321
191 331
191 341
191 351
191 361
191 371
191 381
191 391
191 401
191 411
191 421
191 431
191 441
191 451
191 461
191 471
191 481
191 491
191 501
191 511
201 1
201 11
201 21
201 31
201 41
201 51
201 61
201 71
201 81
201 91
201 101
201 111
201 121
201 131
201 141
201 151
201 161
201 171
201 181
201 191
201 201
201 211
201 221
201 231
201 241
201 251
201 261
201 271
201 281
201 291
201 301
201 311
201 321
201 331
201 341
201 351
201 361
201 371
201 381
201 391
201 401
201 411
201 421
201 431
201 441
201 451
201 461
201 471
201 481
201 491
201 501
201 511
211 1
211 11
211 21
211 31
211 41
211 51
211 61
211 71
211 81
211 91
211 101
211 111
211 121
211 131
211 141
211 151
211 161
211 171
211 181
211 191
211 201
211 211
211 221
211 231
211 241
211 251
211 261
211 271
211 281
211 291
211 301
211 311
211 321
211 331
211 341
211 351
211 361
211 371
211 381
211 391
211 401
211 411
211 421
211 431
211 441
211 451
211 461
211 471
211 481
211 491
211 501
211 511
221 1
221 11
221 21
221 31
221 41
221 51
221 61
221 71
221 81
221 91
221 101
221 111
221 121
221 131
221 141
221 151
221 161
221 171
221 181
221 191
221 201
221 211
221 221
221 231
221 241
221 251
221 261
221 271
221 281
221 291
221 301
221 311
221 321
221 331
221 341
221 351
221 361
221 371
221 381
221 391
221 401
221 411
221 421
221 431
221 441
221 451
221 461
221 471
221 481
221 491
221 501
221 511
231 1
231 11
231 21
231 31
231 41
231 51
231 61
231 71
231 81
231 91
231 101
231 111
231 121
231 131
231 141
231 151
231 161
231 171
231 181
231 191
231 201
231 211
231 221
231 231
231 241
231 251
231 261
231 271
231 281
231 291
231 301
231 311
231 321
231 331
231 341
231 351
231 361
231 371
231 381
231 391
231 401
231 411
231 421
231 431
231 441
231 451
231 461
231 471
231 481
231 491
231 501
231 511
241 1
241 11
241 21
241 31
241 41
241 51
241 61
241 71
241 81
241 91
241 101
241 111
241 121
241 131
241 141
241 151
241 161
241 171
241 181
241 191
241 201
241 211
241 221
241 231
241 241
241 251
241 261
241 271
241 281
241 291
241 301
241 311
241 321
241 331
241 341
241 351
241 361
241 371
241 381
241 391
241 401
241 411
241 421
241 431
241 441
241 451
241 461
241 471
241 481
241 491
241 501
241 511
251 1
251 11
251 21
251 31
251 41
251 51
251 61
251 71
251 81
251 91
251 101
251 111
251 121
251 131
251 141
251 151
251 161
251 171
251 181
251 191
251 201
251 211
251 221
251 231
251 241
251 251
251 261
251 271
251 281
251 291
251 301
251 311
251 321
251 331
251 341
251 351
251 361
251 371
251 381
251 391
251 401
251 411
251 421
251 431
251 441
251 451
251 461
251 471
251 481
251 491
251 501
251 511
261 1
261 11
261 21
261 31
261 41
261 51
261 61
261 71
261 81
261 91
261 101
261 111
261 121
261 131
261 141
261 151
261 161
261 171
261 181
261 191
261 201
261 211
261 221
261 231
261 241
261 251
261 261
261 271
261 281
261 291
261 301
261 311
261 321
261 331
261 341
261 351
261 361
261 371
261 381
261 391
261 401
261 411
261 421
261 431
261 441
261 451
261 461
261 471
261 481
261 491
261 501
261 511
271 1
271 11
271 21
271 31
271 41
271 51
271 61
271 71
271 81
271 91
271 101
271 111
271 121
271 131
271 141
271 151
271 161
271 171
271 181
271 191
271 201
271 211
271 221
271 231
271 241
271 251
271 261
271 271
271 281
271 291
271 301
271 311
271 321
271 331
271 341
271 351
271 361
271 371
271 381
271 391
271 401
271 411
271 421
271 431
271 441
271 451
271 461
271 471
271 481
271 491
271 501
271 511
281 1
281 11
281 21
281 31
281 41
281 51
281 61
281 71
281 81
281 91
281 101
281 111
281 121
281 131
281 141
281 151
281 161
281 171
281 181
281 191
281 201
281 211
281 221
281 231
281 241
281 251
281 261
281 271
281 281
281 291
281 301
281 311
281 321
281 331
281 341
281 351
281 361
281 371
281 381
281 391
281 401
281 411
281 421
281 431
281 441
281 451
281 461
281 471
281 481
281 491
281 501
281 511
291 1
291 11
291 21
291 31
291 41
291 51
291 61
291 71
291 81
291 91
291 101
291 111
291 121
291 131
291 141
291 151
291 161
291 171
291 181
291 191
291 201
291 211
291 221
291 231
291 241
291 251
291 261
291 271
291 281
291 291
291 301
291 311
291 321
291 331
291 341
291 351
291 361
291 371
291 381
291 391
291 401
291 411
291 421
291 431
291 441
291 451
291 461
291 471
291 481
291 491
291 501
291 511
301 1
301 11
301 21
301 31
301 41
301 51
301 61
301 71
301 81
301 91
301 101
301 111
301 121
301 131
301 141
301 151
301 161
301 171
301 181
301 191
301 201
301 211
301 221
301 231
301 241
301 251
301 261
301 271
301 281
301 291
301 301
301 311
301 321
301 331
301 341
301 351
301 361
301 371
301 381
301 391
301 401
301 411
301 421
301 431
301 441
301 451
301 461
301 471
301 481
301 491
301 501
301 511
311 1
311 11
311 21
311 31
311 41
311 51
311 61
311 71
311 81
311 91
311 101
311 111
311 121
311 131
311 141
311 151
311 161
311 171
311 181
311 191
311 201
311 211
311 221
311 231
311 241
311 251
311 261
311 271
311 281
311 291
311 301
311 311
311 321
311 331
311 341
311 351
311 361
311 371
311 381
311 391
311 401
311 411
311 421
311 431
311 441
311 451
311 461
311 471
311 481
311 491
311 501
311 511
321 1
321 11
321 21
321 31
321 41
321 51
321 61
321 71
321 81
321 91
321 101
321 111
321 121
321 131
321 141
321 151
321 161
321 171
321 181
321 191
321 201
321 211
321 221
321 231
321 241
321 251
321 261
321 271
321 281
321 291
321 301
321 311
321 321
321 331
321 341
321 351
321 361
321 371
321 381
321 391
321 401
321 411
321 421
321 431
321 441
321 451
321 461
321 471
321 481
321 491
321 501
321 511
331 1
331 11
331 21
331 31
331 41
331 51
331 61
331 71
331 81
331 91
331 101
331 111
331 121
331 131
331 141
331 151
331 161
331 171
331 181
331 191
331 201
331 211
331 221
331 231
331 241
331 251
331 261
331 271
331 281
331 291
331 301
331 311
331 321
331 331
331 341
331 351
331 361
331 371
331 381
331 391
331 401
331 411
331 421
331 431
331 441
331 451
331 461
331 471
331 481
331 491
331 501
331 511
341 1
341 11
341 21
341 31
341 41
341 51
341 61
341 71
341 81
341 91
341 101
341 111
341 121
341 131
341 141
341 151
341 161
341 171
341 181
341 191
341 201
341 211
341 221
341 231
341 241
341 251
341 261
341 271
341 281
341 291
341 301
341 311
341 321
341 331
341 341
341 351
341 361
341 371
341 381
341 391
341 401
341 411
341 421
341 431
341 441
341 451
341 461
341 471
341 481
341 491
341 501
341 511
351 1
351 11
351 21
351 31
351 41
351 51
351 61
351 71
351 81
351 91
351 101
351 111
351 121
351 131
351 141
351 151
351 161
351 171
351 181
351 191
351 201
351 211
351 221
351 231
351 241
351 251
351 261
351 271
351 281
351 291
351 301
351 311
351 321
351 331
351 341
351 351
351 361
351 371
351 381
351 391
351 401
351 411
351 421
351 431
351 441
351 451
351 461
351 471
351 481
351 491
351 501
351 511
361 1
361 11
361 21
361 31
361 41
361 51
361 61
361 71
361 81
361 91
361 101
361 111
361 121
361 131
361 141
361 151
361 161
361 171
361 181
361 191
361 201
361 211
361 221
361 231
361 241
361 251
361 261
361 271
361 281
361 291
361 301
361 311
361 321
361 331
361 341
361 351
361 361
361 371
361 381
361 391
361 401
361 411
361 421
361 431
361 441
361 451
361 461
361 471
361 481
361 491
361 501
361 511
371 1
371 11
371 21
371 31
371 41
371 51
371 61
371 71
371 81
371 91
371 101
371 111
371 121
371 131
371 141
371 151
371 161
371 171
371 181
371 191
371 201
371 211
371 221
371 231
371 241
371 251
371 261
371 271
371 281
371 291
371 301
371 311
371 321
371 331
371 341
371 351
371 361
371 371
371 381
371 391
371 401
371 411
371 421
371 431
371 441
371 451
371 461
371 471
371 481
371 491
371 501
371 511
381 1
381 11
381 21
381 31
381 41
381 51
381 61
381 71
381 81
381 91
381 101
381 111
381 121
381 131
381 141
381 151
381 161
381 171
381 181
381 191
381 201
381 211
381 221
381 231
381 241
381 251
381 261
381 271
381 281
381 291
381 301
381 311
381 321
381 331
381 341
381 351
381 361
381 371
381 381
381 391
381 401
381 411
381 421
381 431
381 441
381 451
381 461
381 471
381 481
381 491
381 501
381 511
391 1
391 11
391 21
391 31
391 41
391 51
391 61
391 71
391 81
391 91
391 101
391 111
391 121
391 131
391 141
391 151
391 161
391 171
391 181
391 191
391 201
391 211
391 221
391 231
391 241
391 251
391 261
391 271
391 281
391 291
391 301
391 311
391 321
391 331
391 341
391 351
391 361
391 371
391 381
391 391
391 401
391 411
391 421
391 431
391 441
391 451
391 461
391 471
391 481
391 491
391 501
391 511
401 1
401 11
401 21
401 31
401 41
401 51
401 61
401 71
401 81
401 91
401 101
401 111
401 121
401 131
401 141
401 151
401 161
401 171
401 181
401 191
401 201
401 211
401 221
401 231
401 241
401 251
401 261
401 271
401 281
401 291
401 301
401 311
401 321
401 331
401 341
401 351
401 361
401 371
401 381
401 391
401 401
401 411
401 421
401 431
401 441
401 451
401 461
401 471
401 481
401 491
401 501
401 511
411 1
411 11
411 21
411 31
411 41
411 51
411 61
411 71
411 81
411 91
411 101
411 111
411 121
411 131
411 141
411 151
411 161
411 171
411 181
411 191
411 201
411 211
411 221
411 231
411 241
411 251
411 261
411 271
411 281
411 291
411 301
411 311
411 321
411 331
411 341
411 351
411 361
411 371
411 381
411 391
411 401
411 411
411 421
411 431
411 441
411 451
411 461
411 471
411 481
411 491
411 501
411 511
421 1
421 11
421 21
421 31
421 41
421 51
421 61
421 71
421 81
421 91
421 101
421 111
421 121
421 131
421 141
421 151
421 161
421 171
421 181
421 191
421 201
421 211
421 221
421 231
421 241
421 251
421 261
421 271
421 281
421 291
421 301
421 311
421 321
421 331
421 341
421 351
421 361
421 371
421 381
421 391
421 401
421 411
421 421
421 431
421 441
421 451
421 461
421 471
421 481
421 491
421 501
421 511
431 1
431 11
431 21
431 31
431 41
431 51
431 61
431 71
431 81
431 91
431 101
431 111
431 121
431 131
431 141
431 151
431 161
431 171
431 181
431 191
431 201
431 211
431 221
431 231
431 241
431 251
431 261
431 271
431 281
431 291
431 301
431 311
431 321
431 331
431 341
431 351
431 361
431 371
431 381
431 391
431 401
431 411
431 421
431 431
431 441
431 451
431 461
431 471
431 481
431 491
431 501
431 511
441 1
441 11
441 21
441 31
441 41
441 51
441 61
441 71
441 81
441 91
441 101
441 111
441 121
441 131
441 141
441 151
441 161
441 171
441 181
441 191
441 201
441 211
441 221
441 231
441 241
441 251
441 261
441 271
441 281
441 291
441 301
441 311
441 321
441 331
441 341
441 351
441 361
441 371
441 381
441 391
441 401
441 411
441 421
441 431
441 441
441 451
441 461
441 471
441 481
441 491
441 501
441 511
451 1
451 11
451 21
451 31
451 41
451 51
451 61
451 71
451 81
451 91
451 101
451 111
451 121
451 131
451 141
451 151
451 161
451 171
451 181
451 191
451 201
451 211
451 221
451 231
451 241
451 251
451 261
451 271
451 281
451 291
451 301
451 311
451 321
451 331
451 341
451 351
451 361
451 371
451 381
451 391
451 401
451 411
451 421
451 431
451 441
451 451
451 461
451 471
451 481
451 491
451 501
451 511
461 1
461 11
461 21
461 31
461 41
461 51
461 61
461 71
461 81
461 91
461 101
461 111
461 121
461 131
461 141
461 151
461 161
461 171
461 181
461 191
461 201
461 211
461 221
461 231
461 241
461 251
461 261
461 271
461 281
461 291
461 301
461 311
461 321
461 331
461 341
461 351
461 361
461 371
461 381
461 391
461 401
461 411
461 421
461 431
461 441
461 451
461 461
461 471
461 481
461 491
461 501
461 511
471 1
471 11
471 21
471 31
471 41
471 51
471 61
471 71
471 81
471 91
471 101
471 111
471 121
471 131
471 141
471 151
471 161
471 171
471 181
471 191
471 201
471 211
471 221
471 231
471 241
471 251
471 261
471 271
471 281
471 291
471 301
471 311
471 321
471 331
471 341
471 351
471 361
471 371
471 381
471 391
471 401
471 411
471 421
471 431
471 441
471 451
471 461
471 471
471 481
471 491
471 501
471 511
481 1
481 11
481 21
481 31
481 41
481 51
481 61
481 71
481 81
481 91
481 101
481 111
481 121
481 131
481 141
481 151
481 161
481 171
481 181
481 191
481 201
481 211
481 221
481 231
481 241
481 251
481 261
481 271
481 281
481 291
481 301
481 311
481 321
481 331
481 341
481 351
481 361
481 371
481 381
481 391
481 401
481 411
481 421
481 431
481 441
481 451
481 461
481 471
481 481
481 491
481 501
481 511
491 1
491 11
491 21
491 31
491 41
491 51
491 61
491 71
491 81
491 91
491 101
491 111
491 121
491 131
491 141
491 151
491 161
491 171
491 181
491 191
491 201
491 211
491 221
491 231
491 241
491 251
491 261
491 271
491 281
491 291
491 301
491 311
491 321
491 331
491 341
491 351
491 361
491 371
491 381
491 391
491 401
491 411
491 421
491 431
491 441
491 451
491 461
491 471
491 481
491 491
491 501
491 511
501 1
501 11
501 21
501 31
501 41
501 51
501 61
501 71
501 81
501 91
501 101
501 111
501 121
501 131
501 141
501 151
501 161
501 171
501 181
501 191
501 201
501 211
501 221
501 231
501 241
501 251
501 261
501 271
501 281
501 291
501 301
501 311
501 321
501 331
501 341
501 351
501 361
501 371
501 381
501 391
501 401
501 411
501 421
501 431
501 441
501 451
501 461
501 471
501 481
501 491
501 501
501 511
511 1
511 11
511 21
511 31
511 41
511 51
511 61
511 71
511 81
511 91
511 101
511 111
511 121
511 131
511 141
511 151
511 161
511 171
511 181
511 191
511 201
511 211
511 221
511 231
511 241
511 251
511 261
511 271
511 281
511 291
511 301
511 311
511 321
511 331
511 341
511 351
511 361
511 371
511 381
511 391
511 401
511 411
511 421
511 431
511 441
511 451
511 461
511 471
511 481
511 491
511 501
511 511
