1:ItNr	2:Metric	3a:Time	3b:StepSize	4:||Gradient||	Time[ms]
0	-0.245683	0.000000	2061.664636	0.001204	486.6
1	-0.271120	0.000000	2061.664636	0.002201	7.3
2	-0.276681	0.000000	2061.664636	0.001663	11.4
3	-0.275355	0.000000	2061.664636	0.002371	8.1
4	-0.294028	0.000000	2061.664636	0.002363	8.6
5	-0.315999	0.000000	2061.664636	0.001856	8.6
6	-0.290777	0.000000	2061.664636	0.002093	9.5
7	-0.287849	0.000000	2061.664636	0.001665	8.8
8	-0.301201	0.000000	2061.664636	0.001286	9.2
9	-0.286118	0.000000	2061.664636	0.001240	7.5
10	-0.279082	0.000000	2061.664636	0.002171	6.9
11	-0.287102	0.000000	2061.664636	0.001677	9.1
12	-0.280359	0.000000	2061.664636	0.001383	10.1
13	-0.297226	0.000000	2061.664636	0.001771	8.9
14	-0.297463	0.000000	2061.664636	0.001477	7.1
15	-0.317380	0.000000	2061.664636	0.001513	8.2
16	-0.318354	0.000000	2061.664636	0.001498	7.9
17	-0.303868	0.000000	2061.664636	0.001941	11.5
18	-0.316008	0.000000	2061.664636	0.001596	17.2
19	-0.315867	0.000000	2061.664636	0.001511	9.9
20	-0.314005	0.000000	2061.664636	0.002000	39.9
21	-0.320644	0.000000	2061.664636	0.001884	11.7
22	-0.321022	0.000000	2061.664636	0.001664	16.6
23	-0.319936	0.000000	2061.664636	0.001139	9.4
24	-0.303546	0.000000	2061.664636	0.001461	9.4
25	-0.340104	0.000000	2061.664636	0.001348	10.1
26	-0.351355	0.979020	1969.831115	0.001840	12.1
27	-0.339545	0.500813	2013.642826	0.001396	8.2
28	-0.342367	0.022606	2059.447732	0.001401	12.2
29	-0.358687	0.000000	2061.664636	0.001564	12.2
30	-0.351749	0.000000	2061.664636	0.001774	9.2
31	-0.336996	0.000000	2061.664636	0.001578	10.0
32	-0.352767	0.000000	2061.664636	0.002802	12.8
33	-0.333843	0.000000	2061.664636	0.002072	11.3
34	-0.349244	0.000000	2061.664636	0.002186	11.9
35	-0.380197	0.000000	2061.664636	0.001638	8.8
36	-0.365197	0.000000	2061.664636	0.001924	29.4
37	-0.358248	0.000000	2061.664636	0.001488	15.4
38	-0.386406	0.000000	2061.664636	0.001816	13.2
39	-0.384942	0.000000	2061.664636	0.001378	13.4
40	-0.386425	0.000000	2061.664636	0.001552	9.7
41	-0.385767	0.000000	2061.664636	0.002330	14.5
42	-0.397887	0.000000	2061.664636	0.001640	17.1
43	-0.411813	0.000000	2061.664636	0.001785	17.9
44	-0.416771	0.000000	2061.664636	0.002291	9.1
45	-0.436069	0.000000	2061.664636	0.001736	11.0
46	-0.433462	0.000000	2061.664636	0.002264	8.7
47	-0.433583	0.000000	2061.664636	0.001906	15.8
48	-0.435601	0.000000	2061.664636	0.001718	12.5
49	-0.435264	0.000000	2061.664636	0.001764	7.5
50	-0.428571	0.000000	2061.664636	0.001824	12.2
51	-0.462726	0.000000	2061.664636	0.001644	10.8
52	-0.429357	0.000000	2061.664636	0.001636	9.7
53	-0.429055	0.000000	2061.664636	0.001411	10.6
54	-0.487360	0.000000	2061.664636	0.002190	12.2
55	-0.468052	0.000000	2061.664636	0.001470	8.6
56	-0.443909	0.000000	2061.664636	0.001605	11.1
57	-0.442700	0.000000	2061.664636	0.001540	7.7
58	-0.440210	0.000000	2061.664636	0.001925	8.3
59	-0.477375	0.000000	2061.664636	0.001456	6.3
60	-0.472532	0.000000	2061.664636	0.001620	10.3
61	-0.444252	0.000000	2061.664636	0.001701	10.8
62	-0.481049	0.000000	2061.664636	0.001722	10.9
63	-0.447073	0.000000	2061.664636	0.001500	7.5
64	-0.519500	0.000000	2061.664636	0.001355	6.4
65	-0.451067	0.000000	2061.664636	0.001677	14.7
66	-0.443162	0.000000	2061.664636	0.001769	11.9
67	-0.479342	0.000000	2061.664636	0.001714	7.3
68	-0.466195	0.000000	2061.664636	0.002074	7.3
69	-0.496330	0.000000	2061.664636	0.001518	7.5
70	-0.463413	0.000000	2061.664636	0.001561	6.8
71	-0.466289	0.000000	2061.664636	0.001494	7.9
72	-0.484650	0.000000	2061.664636	0.001805	7.4
73	-0.469206	0.000000	2061.664636	0.001512	6.5
74	-0.456130	0.000000	2061.664636	0.001759	8.6
75	-0.464776	0.000000	2061.664636	0.001881	7.6
76	-0.492182	0.000000	2061.664636	0.001767	8.2
77	-0.468500	0.000000	2061.664636	0.001799	6.5
78	-0.509222	0.000000	2061.664636	0.001816	6.5
79	-0.515615	0.000000	2061.664636	0.002245	9.1
80	-0.530178	0.000000	2061.664636	0.001627	6.9
81	-0.532771	0.000000	2061.664636	0.001683	6.6
82	-0.504130	0.000000	2061.664636	0.001341	8.2
83	-0.527100	0.000000	2061.664636	0.001389	6.6
84	-0.535691	0.000000	2061.664636	0.001498	7.9
85	-0.548168	0.000000	2061.664636	0.001905	6.9
86	-0.512502	0.000000	2061.664636	0.001731	7.2
87	-0.536803	0.000000	2061.664636	0.001853	9.0
88	-0.545323	0.000000	2061.664636	0.001813	6.2
89	-0.534854	0.000000	2061.664636	0.001454	6.2
90	-0.521275	0.000000	2061.664636	0.001839	8.4
91	-0.549834	1.000000	1967.952607	0.002287	6.1
92	-0.582294	0.521793	2011.679869	0.001491	14.8
93	-0.541769	0.043594	2057.393658	0.002135	6.3
94	-0.545089	0.000000	2061.664636	0.001324	6.7
95	-0.547966	0.000000	2061.664636	0.001605	7.6
96	-0.568227	0.000000	2061.664636	0.001442	13.2
97	-0.536419	0.000000	2061.664636	0.001607	6.3
98	-0.549878	0.000000	2061.664636	0.001517	6.6
99	-0.575518	0.000000	2061.664636	0.001822	7.6
100	-0.555133	0.000000	2061.664636	0.001986	6.7
101	-0.553860	0.000000	2061.664636	0.001656	6.0
102	-0.608946	0.000000	2061.664636	0.001735	8.2
103	-0.573715	0.000000	2061.664636	0.002030	6.2
104	-0.547063	0.000000	2061.664636	0.001583	6.2
105	-0.568366	0.000000	2061.664636	0.001815	8.5
106	-0.615441	0.000000	2061.664636	0.001716	6.3
107	-0.555835	0.000000	2061.664636	0.002597	8.0
108	-0.581737	0.000000	2061.664636	0.002230	6.4
109	-0.588785	1.000000	1967.952607	0.001689	6.6
110	-0.600532	1.291647	1942.205378	0.002026	7.7
111	-0.631636	0.813440	1984.783557	0.001979	6.9
112	-0.599455	0.335303	2029.263721	0.001766	6.0
113	-0.598974	1.315489	1940.130347	0.001780	7.3
114	-0.622668	2.314547	1856.993258	0.001340	6.6
115	-0.604104	1.836340	1895.879853	0.001726	6.1
116	-0.614577	1.358133	1936.429901	0.001926	8.1
117	-0.598231	0.879926	1978.752471	0.001454	6.3
118	-0.607249	0.401722	2022.966023	0.002409	6.2
119	-0.607565	1.276910	1943.490276	0.001983	12.6
120	-0.586194	0.798704	1986.125295	0.001358	6.3
121	-0.595608	0.320536	2030.669255	0.002002	7.9
122	-0.638640	0.000000	2061.664636	0.001691	6.0
123	-0.617173	1.000000	1967.952639	0.001900	7.1
124	-0.609176	0.521792	2011.679903	0.001532	16.6
125	-0.616855	0.049223	2056.843469	0.001793	7.6
126	-0.653918	0.781567	1987.687896	0.002025	6.5
127	-0.611344	1.781555	1900.439117	0.001668	6.3
128	-0.637257	1.303347	1941.186527	0.001618	7.3
129	-0.615092	2.303344	1857.886002	0.001770	7.2
130	-0.618077	2.056604	1877.768147	0.001784	6.0
131	-0.643113	1.578397	1917.539005	0.001416	8.3
132	-0.635375	1.341748	1937.850024	0.002352	6.2
133	-0.600896	0.863541	1980.235372	0.001802	6.4
134	-0.623402	1.863541	1893.624319	0.002400	7.9
135	-0.622047	2.843327	1815.810258	0.001468	6.2
136	-0.636141	2.365120	1852.973859	0.002041	6.5
137	-0.631371	1.886913	1891.690545	0.002053	7.6
138	-0.657977	1.408706	1932.059677	0.001841	7.3
139	-0.598352	0.930499	1974.189353	0.001284	9.8
140	-0.609539	0.527847	2011.114115	0.001178	6.6
141	-0.625039	0.049652	2056.801559	0.001774	6.0
142	-0.614560	0.000000	2061.664636	0.001639	8.3
143	-0.644212	0.000000	2061.664636	0.001802	9.9
144	-0.633921	1.000000	1967.952607	0.002262	10.6
145	-0.628603	2.000000	1882.389450	0.001760	7.0
146	-0.635102	3.000000	1803.956556	0.001728	7.6
147	-0.642644	4.000000	1731.798294	0.001990	6.4
148	-0.615256	3.521793	1765.570637	0.001275	6.5
149	-0.608918	3.142486	1793.309792	0.002460	10.9
150	-0.647556	2.664280	1829.548882	0.001324	8.9
151	-0.631986	2.186073	1867.282888	0.001729	9.5
152	-0.621986	3.176548	1790.783291	0.001586	6.4
153	-0.616018	2.698340	1826.919384	0.001726	6.2
154	-0.633681	2.220170	1864.540923	0.001852	8.7
155	-0.646052	3.220140	1787.560169	0.001618	7.2
156	-0.630504	2.741933	1823.564993	0.001794	6.1
157	-0.624801	2.263726	1861.050042	0.001325	8.5
158	-0.594359	3.263714	1784.349956	0.001861	6.0
159	-0.629746	2.888847	1812.350265	0.001862	6.5
160	-0.634395	2.410639	1849.370993	0.001348	7.5
161	-0.631252	3.390223	1775.094783	0.001644	6.1
162	-0.632031	4.390093	1705.190983	0.001885	6.4
163	-0.657491	3.911886	1737.923735	0.001736	7.8
164	-0.631236	3.433905	1771.921359	0.001845	6.2
165	-0.603585	3.062948	1799.237487	0.001330	7.9
166	-0.657937	2.584741	1835.719046	0.001546	6.3
167	-0.615819	2.106541	1873.710000	0.001362	6.0
168	-0.664733	2.929583	1809.264993	0.001782	7.4
169	-0.615668	2.451376	1846.158498	0.001596	6.6
170	-0.650864	2.071229	1876.577817	0.001231	6.2
171	-0.644399	1.593049	1916.295453	0.002098	8.2
172	-0.666776	1.429764	1930.245750	0.001380	6.0
173	-0.651055	2.429764	1847.861407	0.001773	6.2
174	-0.649347	1.951557	1886.362524	0.002007	8.0
175	-0.618929	1.473350	1926.502161	0.002151	5.9
176	-0.644295	2.473350	1844.430273	0.002008	6.4
177	-0.651497	3.473350	1769.065426	0.002216	7.8
178	-0.625759	3.075685	1798.285557	0.001374	6.2
179	-0.612699	2.597478	1834.728140	0.001532	6.2
180	-0.680031	2.119271	1872.678306	0.002324	8.4
181	-0.600445	3.119271	1795.035898	0.001660	5.9
182	-0.648256	4.119271	1723.575388	0.001924	6.0
183	-0.674858	5.119271	1657.586740	0.001690	8.1
184	-0.639198	4.641071	1688.500375	0.001747	6.0
185	-0.660410	4.162863	1720.589450	0.001438	7.5
186	-0.649495	3.684664	1753.921275	0.002247	6.6
187	-0.630959	3.206457	1788.570615	0.002178	5.9
188	-0.656496	4.206457	1717.613771	0.002012	7.5
189	-0.689737	5.206457	1652.072146	0.002140	6.3
190	-0.672292	4.728250	1682.778968	0.001524	6.1
191	-0.649223	5.728250	1619.820151	0.001494	6.7
192	-0.694585	6.728250	1561.402466	0.001508	7.3
193	-0.678127	6.250042	1588.803300	0.002048	6.1
194	-0.644611	5.771835	1617.183018	0.001836	8.0
195	-0.642048	5.293628	1646.595031	0.001845	7.6
196	-0.635021	6.293627	1586.266205	0.001928	6.1
197	-0.659335	5.815419	1614.554552	0.001779	7.7
198	-0.684921	6.815419	1556.509290	0.002096	6.6
199	-0.667692	6.352320	1582.862336	0.001756	6.1
200	-0.665415	7.016821	1545.320129	0.001694	8.9
201	-0.688151	6.538614	1572.154566	0.001345	6.2
202	-0.653035	7.538614	1517.065886	0.001619	6.1
203	-0.697361	7.060407	1542.919814	0.001692	8.0
204	-0.647129	6.801757	1557.274134	0.001784	6.1
205	-0.678067	6.323550	1584.529000	0.002149	7.4
206	-0.655254	7.323550	1528.585130	0.001770	6.6
207	-0.626999	8.323550	1476.456887	0.001804	6.1
208	-0.637469	7.845344	1500.933993	0.001808	7.6
209	-0.671510	7.672377	1509.988419	0.002526	7.5
210	-0.653900	7.194170	1535.599642	0.001247	8.6
211	-0.659258	8.194170	1483.000111	0.001980	8.8
212	-0.654445	7.716294	1507.679127	0.002218	9.6
213	-0.687130	8.716294	1456.943355	0.002078	8.3
214	-0.665807	8.238087	1480.772573	0.002236	5.9
215	-0.661259	9.238087	1431.802128	0.001568	6.2
216	-0.667094	8.759880	1454.809548	0.001672	7.8
217	-0.679308	8.282056	1478.549103	0.002338	6.0
218	-0.673923	9.282054	1429.723258	0.001469	7.3
219	-0.667283	8.803847	1452.663382	0.001889	7.7
220	-0.652184	9.803847	1405.504886	0.001710	8.5
221	-0.676050	9.325640	1427.668394	0.002387	6.4
222	-0.675386	8.847433	1450.542096	0.001685	7.6
223	-0.669411	8.369226	1474.160661	0.001830	5.9
224	-0.668893	7.891019	1498.561124	0.001566	7.6
225	-0.684616	8.891019	1448.426968	0.001726	6.4
226	-0.673623	9.891017	1401.538746	0.001613	5.8
227	-0.651209	10.891017	1357.590996	0.001514	7.5
228	-0.680858	10.515176	1373.781222	0.001942	6.5
229	-0.633821	11.515175	1331.530800	0.001765	6.2
230	-0.693772	11.036968	1351.406201	0.001764	7.8
231	-0.648026	10.577226	1371.081711	0.001669	6.1
232	-0.714674	10.241012	1385.837227	0.001677	6.4
233	-0.683874	11.241012	1342.853554	0.001667	7.7
234	-0.664990	10.762805	1363.070982	0.001730	6.3
235	-0.684184	11.762805	1321.466762	0.002091	6.0
236	-0.708844	11.284597	1341.040644	0.001459	7.9
237	-0.670393	10.806390	1361.203110	0.001348	6.4
238	-0.650270	11.806359	1319.712361	0.001889	5.9
239	-0.675503	11.328152	1339.233921	0.001924	7.7
240	-0.677653	12.328152	1299.050657	0.001697	5.9
241	-0.664621	11.856763	1317.687861	0.001407	6.0
242	-0.646786	12.856763	1278.768375	0.001652	8.1
243	-0.737300	12.378555	1297.089007	0.001701	6.0
244	-0.663305	11.900348	1315.942220	0.001452	6.2
245	-0.692958	11.422141	1335.351581	0.001852	7.9
246	-0.643125	11.055411	1350.628694	0.001593	6.2
247	-0.648290	10.577203	1371.082702	0.001562	7.8
248	-0.651939	10.942192	1355.415971	0.001848	6.4
249	-0.652306	10.463985	1376.016339	0.001924	6.3
250	-0.741424	9.985778	1397.252562	0.001577	7.4
251	-0.670608	10.985778	1353.569005	0.002064	6.7
252	-0.720198	11.985778	1312.534078	0.001603	5.9
253	-0.682166	11.507661	1331.838571	0.001630	7.6
254	-0.697388	11.212722	1344.032872	0.001748	6.7
255	-0.625980	10.735430	1364.246745	0.001617	6.0
256	-0.681250	11.735429	1322.571882	0.002139	7.5
257	-0.681352	12.735429	1283.367641	0.001630	6.4
258	-0.710842	12.257222	1301.821240	0.001493	6.2
259	-0.699870	11.783742	1320.622811	0.001703	7.6
260	-0.690027	11.342060	1338.657988	0.001842	6.2
261	-0.708755	12.342060	1298.508760	0.001985	6.3
262	-0.656235	11.863853	1317.403569	0.001804	8.0
263	-0.676609	12.863494	1278.514172	0.002387	6.4
264	-0.677689	12.385287	1296.827468	0.001238	5.9
265	-0.695806	13.385286	1259.112896	0.001935	7.7
266	-0.668133	12.907079	1276.870745	0.002182	6.6
267	-0.647256	13.907079	1240.291611	0.001550	6.1
268	-0.734757	13.428872	1257.518906	0.001478	7.8
269	-0.707254	12.953279	1275.133327	0.002005	5.9
270	-0.656479	12.475072	1293.349208	0.001761	5.9
271	-0.712162	11.996864	1312.093076	0.001834	8.0
272	-0.703202	11.518657	1331.388225	0.001892	6.2
273	-0.698840	11.040462	1351.258845	0.001826	6.1
274	-0.666812	10.562255	1371.732080	0.002059	7.8
275	-0.688742	10.084048	1392.835256	0.001859	6.1
276	-0.674166	9.605840	1414.597895	0.001413	7.6
277	-0.670787	9.127633	1437.051391	0.001257	6.6
278	-0.643783	8.649426	1460.229186	0.001457	6.8
279	-0.694159	8.568444	1464.228477	0.001817	6.7
280	-0.691602	9.568444	1416.328476	0.001373	7.4
281	-0.698135	9.149601	1436.004342	0.002023	6.1
282	-0.677748	8.671393	1459.148102	0.001559	7.8
283	-0.705904	9.671393	1411.574544	0.001666	6.2
284	-0.652336	10.671391	1367.005249	0.001666	6.3
285	-0.674376	11.671391	1325.164201	0.001963	8.2
286	-0.678509	12.671324	1285.810974	0.001752	6.6
287	-0.699887	12.193116	1304.335419	0.001362	6.3
288	-0.696776	11.714909	1323.401422	0.001610	7.6
289	-0.721574	12.714908	1284.148750	0.001981	5.9
290	-0.698985	12.236701	1302.624986	0.001455	6.4
291	-0.707455	13.236699	1264.577451	0.002106	8.0
292	-0.713289	12.758506	1282.490319	0.002495	6.4
293	-0.722179	13.699721	1247.703324	0.001812	6.4
294	-0.674102	14.686383	1213.206639	0.001786	7.7
295	-0.679060	15.686383	1180.136968	0.001971	6.0
296	-0.711557	15.208176	1195.723226	0.001887	7.5
297	-0.668731	16.208176	1163.587192	0.001556	6.9
298	-0.707398	15.729969	1178.736558	0.002369	5.9
299	-0.689804	15.251762	1194.285604	0.001241	6.7
300	-0.715012	14.773555	1210.250357	0.001424	7.5
301	-0.714125	14.295349	1226.647660	0.002027	6.0
302	-0.680860	15.295349	1192.851384	0.002128	8.1
303	-0.690533	14.817142	1208.777559	0.002308	5.9
304	-0.689516	14.338935	1225.134762	0.001894	6.2
305	-0.660092	13.860728	1241.940729	0.001889	6.1
306	-0.718351	14.860728	1207.308394	0.001349	8.2
307	-0.706858	14.382529	1223.625281	0.001674	6.4
308	-0.689169	15.382490	1189.994334	0.002018	7.9
309	-0.657151	14.904283	1205.843803	0.002076	6.2
310	-0.722759	15.904283	1173.168902	0.001891	6.6
311	-0.686771	15.426076	1188.570446	0.001761	8.0
312	-0.709726	16.426074	1156.812680	0.001876	5.9
313	-0.704857	17.426074	1126.707792	0.001817	6.0
314	-0.658264	18.426074	1098.130060	0.001563	13.1
315	-0.756692	19.426074	1070.966154	0.001749	7.7
316	-0.713139	20.426074	1045.113689	0.001534	9.5
317	-0.715720	19.947893	1057.318330	0.001925	8.3
318	-0.680492	20.947892	1032.112817	0.001656	9.0
319	-0.731019	21.947888	1008.081171	0.001596	8.0
320	-0.725008	21.492848	1018.876342	0.001679	9.3
321	-0.702486	21.014641	1030.473108	0.001324	8.3
322	-0.725364	22.014641	1006.516774	0.002228	10.3
323	-0.681802	21.536433	1017.832334	0.001616	7.9
324	-0.721001	22.536433	994.453470	0.001643	8.2
325	-0.687435	22.058226	1005.497929	0.001838	9.1
326	-0.673605	23.058226	982.675905	0.001751	8.0
327	-0.689782	24.058226	960.866882	0.002074	9.8
328	-0.684096	23.692921	968.720683	0.001585	8.0
329	-0.702199	24.548300	950.528502	0.001659	9.9
330	-0.701596	25.476223	931.550685	0.002739	7.6
331	-0.728291	26.476223	911.929269	0.001540	8.5
332	-0.718764	27.476223	893.117382	0.001762	9.6
333	-0.679819	28.476223	875.065940	0.001809	8.8
334	-0.725515	27.998016	883.606343	0.001097	9.4
335	-0.694645	27.519808	892.315092	0.001983	7.3
336	-0.672681	27.041601	901.197216	0.001674	10.6
337	-0.717133	28.041601	882.821038	0.001698	6.9
338	-0.693771	27.563395	891.514230	0.001784	8.1
339	-0.749033	28.203652	879.913486	0.001407	6.4
340	-0.739331	27.725445	888.549239	0.001446	6.4
341	-0.731519	27.247238	897.356177	0.001812	8.2
342	-0.701268	26.908375	903.703319	0.001731	6.2
343	-0.684989	27.908373	885.225879	0.001479	6.7
344	-0.707857	27.430166	893.966738	0.001846	7.8
345	-0.706122	26.951959	902.881939	0.001937	6.0
346	-0.715121	26.473751	911.976746	0.001697	6.1
347	-0.670925	27.473717	893.163554	0.001452	8.5
348	-0.700788	26.995510	902.062662	0.002111	7.1
349	-0.740956	26.517303	911.140888	0.001655	9.8
350	-0.685283	27.517303	892.361178	0.001778	7.0
351	-0.700704	27.039096	901.244214	0.001764	7.3
352	-0.707289	26.560889	910.305892	0.001721	7.2
353	-0.735357	26.082682	919.551642	0.001542	7.1
354	-0.750446	27.082682	900.427259	0.001596	8.3
355	-0.654684	28.082682	882.082148	0.001509	6.7
356	-0.726509	29.082681	864.469648	0.001936	6.4
357	-0.709804	30.082681	847.546698	0.001876	6.8
358	-0.726219	31.082631	831.274398	0.001622	7.4
359	-0.716827	30.604424	838.977630	0.001336	6.4
360	-0.723549	31.604228	823.031889	0.002502	8.8
361	-0.727079	31.126021	830.582432	0.001701	6.2
362	-0.674395	32.126021	814.948244	0.001680	6.2
363	-0.691459	32.915651	803.012785	0.001897	10.0
364	-0.692625	33.915606	788.390785	0.001492	7.8
365	-0.713151	34.915606	774.291130	0.002176	9.8
366	-0.702147	35.915606	760.686932	0.001519	7.6
367	-0.734843	36.258063	756.137305	0.002135	10.0
368	-0.671837	37.258063	743.158203	0.001662	7.9
369	-0.695006	38.258063	730.617156	0.001351	8.0
370	-0.694941	37.779856	736.561138	0.001849	9.7
371	-0.710687	37.301648	742.602628	0.001666	7.5
372	-0.741981	36.823441	748.744046	0.001696	9.4
373	-0.740696	37.823439	736.015400	0.001810	7.6
374	-0.708813	37.345496	742.044545	0.001345	10.7
375	-0.730072	36.867289	748.176698	0.001343	7.7
376	-0.713676	36.389101	754.410798	0.002264	10.3
377	-0.707160	35.910894	760.749912	0.001596	7.7
378	-0.700339	36.783586	749.260475	0.001642	9.6
379	-0.714014	37.783586	736.514392	0.002008	8.4
380	-0.700341	37.305379	742.555112	0.001510	7.8
381	-0.683691	38.305379	730.034239	0.001564	10.5
382	-0.724587	37.827195	735.968417	0.001646	8.3
383	-0.688945	38.827194	723.666855	0.001701	10.6
384	-0.720987	38.348987	729.497834	0.001671	7.6
385	-0.729103	39.348987	717.409846	0.001555	10.0
386	-0.708746	40.348987	705.715931	0.001737	8.1
387	-0.701379	40.531829	703.618893	0.001201	10.3
388	-0.729456	40.053622	709.130043	0.002049	7.9
389	-0.720841	39.575415	714.728206	0.001908	8.6
390	-0.673413	40.575409	703.120911	0.001937	8.9
391	-0.686228	41.575394	691.884695	0.001594	8.8
392	-0.671963	41.097187	697.212863	0.001495	8.7
393	-0.691638	40.624326	702.562774	0.001523	7.8
394	-0.720359	40.719049	701.484519	0.001495	10.7
395	-0.740883	40.241280	706.957092	0.001839	8.5
396	-0.727287	41.241272	695.598851	0.001883	10.5
397	-0.729755	40.763065	700.984600	0.002147	7.9
398	-0.722273	41.763065	689.815856	0.001518	9.7
399	-0.706204	42.763060	678.997481	0.001729	7.4
400	-0.726517	42.469761	682.135187	0.002180	10.3
401	-0.718752	41.991554	687.313690	0.001756	8.0
402	-0.712824	42.991554	676.572996	0.001631	7.5
403	-0.715037	42.515443	681.644573	0.001884	9.8
404	-0.704955	43.515443	671.078970	0.001386	8.0
405	-0.701267	44.515443	660.835906	0.001649	9.4
406	-0.712414	44.037236	665.694914	0.001441	7.8
407	-0.723491	44.533402	660.654814	0.001626	9.9
408	-0.716262	44.567188	660.314387	0.001649	7.6
409	-0.721190	44.088981	665.165701	0.001697	7.5
410	-0.723536	45.088981	655.101002	0.001546	8.5
411	-0.735817	46.088981	645.336343	0.002101	6.5
412	-0.721854	45.610773	649.969295	0.001691	8.0
413	-0.719736	46.610773	640.355896	0.001902	6.7
414	-0.737210	47.540944	631.665615	0.002055	8.8
415	-0.711121	48.487772	623.058652	0.002080	7.4
416	-0.751565	49.487772	614.219407	0.001698	6.2
417	-0.733206	49.009565	618.414893	0.001382	6.5
418	-0.672364	48.712643	621.048862	0.001649	9.7
419	-0.714267	48.234441	625.338442	0.001498	6.0
420	-0.734393	49.231322	616.462228	0.001753	10.2
421	-0.728971	48.753122	620.688457	0.001558	7.4
422	-0.735340	48.274914	624.973091	0.001525	10.2
423	-0.771066	49.274912	616.079851	0.002303	7.7
424	-0.735264	50.274912	607.436139	0.002238	9.7
425	-0.711525	51.274912	599.031616	0.001966	8.5
426	-0.714040	52.274912	590.856490	0.001530	7.7
427	-0.730683	53.274911	582.901501	0.001481	9.7
428	-0.738116	52.799423	586.657124	0.001758	7.8
429	-0.741419	53.799418	578.814092	0.001995	10.2
430	-0.707790	53.321214	582.538349	0.001857	7.8
431	-0.742762	54.321214	574.804294	0.001698	10.1
432	-0.714270	55.321214	567.272911	0.001975	7.9
433	-0.729821	56.321214	559.936336	0.002167	9.7
434	-0.739384	55.843007	563.420916	0.001710	8.0
435	-0.686209	55.364800	566.949137	0.001746	10.2
436	-0.716790	54.886593	570.521826	0.002086	8.0
437	-0.723698	54.408385	574.139827	0.001519	7.9
438	-0.732982	53.930181	577.803986	0.002319	10.0
439	-0.713386	53.451974	581.515238	0.001928	8.0
440	-0.711762	54.447874	573.839327	0.001720	9.9
441	-0.740887	53.969667	577.499662	0.001465	7.7
442	-0.691888	53.491461	581.206981	0.001731	10.2
443	-0.735238	53.020713	584.903276	0.001628	7.7
444	-0.718375	54.004377	577.232413	0.002153	9.6
445	-0.717214	53.526170	580.936302	0.002339	8.6
446	-0.727549	54.526170	573.244448	0.001449	10.9
447	-0.724158	54.047962	576.897173	0.002099	14.6
448	-0.761660	53.569755	580.596748	0.001622	10.0
449	-0.704039	54.569738	572.913950	0.001838	7.6
450	-0.689919	54.113559	576.393367	0.001632	10.6
451	-0.694102	53.652624	579.952253	0.001429	8.3
452	-0.750512	53.174630	583.689560	0.001600	9.6
453	-0.730073	54.146527	576.140494	0.001478	8.5
454	-0.758107	53.668320	579.830339	0.001602	10.5
455	-0.705170	54.668320	572.167551	0.001723	7.8
456	-0.781535	55.668320	564.704657	0.001981	9.1
457	-0.757022	56.668320	557.433936	0.001797	8.9
458	-0.752654	56.190113	560.887343	0.002119	7.6
459	-0.710972	55.711906	564.383804	0.001508	10.1
460	-0.727756	55.233708	567.924064	0.001820	7.7
461	-0.712351	55.836070	563.471785	0.001338	10.3
462	-0.733573	55.357862	567.000646	0.001506	8.1
463	-0.736992	56.309907	560.018228	0.001431	10.7
464	-0.718147	55.831700	563.503829	0.001373	7.6
465	-0.741405	55.353495	567.033082	0.002186	9.7
466	-0.706692	54.875287	570.606832	0.001356	7.7
467	-0.723241	54.397080	574.225914	0.002085	10.5
468	-0.692409	53.918881	577.891137	0.001545	8.5
469	-0.705580	54.918328	570.283335	0.001693	9.1
470	-0.743908	54.440121	573.898303	0.001947	8.4
471	-0.692500	55.440112	566.390554	0.001481	8.2
472	-0.705281	54.983699	569.792704	0.001720	9.7
473	-0.758945	55.221807	568.012736	0.001927	7.3
474	-0.695435	54.743600	571.598884	0.001926	10.4
475	-0.724212	54.265393	575.230602	0.001576	7.7
476	-0.758569	55.265393	567.688117	0.001530	10.1
477	-0.725352	56.265393	560.340867	0.001641	7.7
478	-0.719597	57.265383	553.181443	0.002059	8.8
479	-0.731134	56.787175	556.582201	0.001959	8.8
480	-0.791510	57.787175	549.517825	0.002102	8.2
481	-0.743078	58.768405	542.758221	0.001627	10.2
482	-0.735848	59.126458	540.332851	0.002282	6.9
483	-0.722604	58.648251	543.577002	0.001704	7.9
484	-0.721503	58.170044	546.860346	0.002499	6.8
485	-0.692643	59.170044	540.039090	0.001887	6.4
486	-0.764796	58.691836	543.279705	0.002095	9.7
487	-0.729534	58.213629	546.559447	0.001543	6.3
488	-0.684540	59.213618	539.745721	0.001739	8.0
489	-0.673415	59.801915	535.815981	0.001648	6.5
490	-0.749490	59.323716	539.005910	0.002256	6.5
491	-0.749069	58.845508	542.234100	0.001960	8.4
492	-0.751687	59.845508	535.527060	0.001620	6.6
493	-0.713362	60.845502	528.983953	0.001657	6.4
494	-0.763185	60.367295	532.092867	0.001723	8.3
495	-0.744212	60.507588	531.177016	0.001660	6.5
496	-0.731658	61.507588	524.739099	0.002266	7.7
497	-0.746465	61.032642	527.777189	0.001812	7.7
498	-0.710460	60.563354	530.813840	0.001795	6.6
499	-0.707079	60.085147	533.944364	0.002048	8.8
