1:ItNr	2:Metric	3a:Time	3b:StepSize	4:||Gradient||	Time[ms]
0	-0.542484	0.000000	565.253606	0.004554	91.0
1	-0.545866	0.000000	565.253606	0.003955	6.0
2	-0.525599	0.000000	565.253606	0.003335	6.2
3	-0.505999	0.000000	565.253606	0.004320	4.4
4	-0.512945	0.000000	565.253606	0.004369	6.4
5	-0.533781	0.000000	565.253606	0.004898	4.4
6	-0.533807	0.000000	565.253606	0.003776	4.1
7	-0.542398	0.965573	540.405927	0.004548	4.6
8	-0.559038	0.184380	560.333886	0.004675	5.2
9	-0.509534	0.000000	565.253606	0.003987	3.9
10	-0.542428	0.000000	565.253606	0.005115	3.9
11	-0.536585	0.999907	539.562533	0.004185	3.9
12	-0.552463	0.218710	559.427307	0.005621	4.9
13	-0.549682	0.000000	565.253606	0.004007	5.1
14	-0.526538	0.000000	565.253606	0.004929	3.9
15	-0.525071	0.000000	565.253606	0.004698	4.6
16	-0.566503	0.000000	565.253606	0.005260	5.5
17	-0.567417	0.000000	565.253606	0.004883	4.7
18	-0.538741	0.000000	565.253606	0.004317	3.9
19	-0.540147	0.980412	540.041085	0.004894	3.8
20	-0.554179	1.901418	518.322740	0.003917	4.6
21	-0.535200	1.120221	536.627820	0.003865	5.2
22	-0.537723	2.120219	513.417522	0.003719	4.0
23	-0.554041	1.347146	531.178604	0.003425	3.9
24	-0.585539	0.571822	550.269959	0.004375	3.8
25	-0.594339	0.000000	565.253606	0.005940	5.2
26	-0.585363	0.000000	565.253606	0.005338	4.7
27	-0.564386	1.000000	539.560261	0.003644	4.3
28	-0.602513	0.218803	559.424865	0.004744	4.0
29	-0.527919	0.000000	565.253606	0.003969	4.1
30	-0.605583	0.956366	540.632534	0.004565	5.3
31	-0.564790	1.671291	523.584022	0.003990	4.3
32	-0.587700	1.383115	530.325018	0.004152	3.8
33	-0.576140	0.601971	549.501973	0.004278	4.4
34	-0.561086	0.000000	565.253606	0.004091	5.2
35	-0.557731	0.000000	565.253606	0.003651	4.1
36	-0.583757	0.000000	565.253606	0.003984	3.8
37	-0.561855	0.999705	539.567496	0.004033	4.3
38	-0.583362	0.234521	559.010768	0.004508	5.9
39	-0.590068	1.234519	533.869230	0.004185	4.5
40	-0.557016	0.453322	553.309445	0.004303	3.7
41	-0.583656	1.447593	528.801712	0.004174	3.8
42	-0.620552	2.446500	506.272826	0.003906	5.3
43	-0.585720	2.110236	513.639316	0.004363	4.4
44	-0.562353	1.329145	531.606820	0.005040	3.8
45	-0.640221	0.547947	550.879649	0.004085	3.8
46	-0.611452	0.000000	565.253606	0.003466	3.8
47	-0.584728	0.000000	565.253606	0.004177	5.3
48	-0.547029	0.706249	546.862141	0.003843	5.0
49	-0.580030	0.000000	565.253606	0.003270	4.3
50	-0.586491	0.000000	565.253606	0.004137	4.0
51	-0.577184	0.000000	565.253606	0.003948	5.1
52	-0.575777	0.771858	545.214191	0.003611	4.3
53	-0.594623	0.015324	564.841421	0.003343	3.9
54	-0.626286	0.000000	565.253606	0.005224	3.8
55	-0.572645	0.000000	565.253606	0.003744	3.9
56	-0.583297	0.000000	565.253606	0.004897	5.2
57	-0.541196	0.999862	539.563635	0.003728	4.3
58	-0.579214	0.219400	559.409125	0.004412	4.0
59	-0.585016	0.000000	565.253606	0.003291	4.2
60	-0.633689	0.889286	542.289299	0.004319	5.4
61	-0.576752	0.545774	550.935228	0.004383	4.4
62	-0.600189	1.300005	532.301485	0.004100	3.9
63	-0.587875	2.299144	509.474756	0.003407	3.9
64	-0.606206	1.517947	527.149558	0.004648	3.9
65	-0.595763	0.815441	544.124954	0.004411	5.1
66	-0.615561	1.740391	521.993035	0.005185	4.6
67	-0.576533	2.667152	501.552768	0.003301	4.0
68	-0.628945	3.661493	481.330380	0.004666	4.1
69	-0.612641	4.661440	462.574429	0.003490	5.1
70	-0.626004	5.657695	445.287020	0.003188	4.8
71	-0.602731	6.597168	430.128407	0.004332	4.9
72	-0.589314	7.091594	422.557929	0.003297	4.0
73	-0.628480	8.090917	408.042333	0.004881	4.4
74	-0.610274	7.309953	419.298678	0.004132	5.1
75	-0.627493	6.529607	431.183981	0.004147	4.0
76	-0.584014	7.487722	416.682162	0.003743	3.7
77	-0.632412	7.376756	418.311586	0.004204	4.0
78	-0.618355	8.376716	404.072584	0.004599	5.1
79	-0.626085	9.376716	390.770537	0.003645	4.4
80	-0.606726	10.375978	378.325281	0.003825	4.2
81	-0.621364	9.681603	386.887399	0.004264	4.0
82	-0.602622	8.946092	396.389811	0.004371	6.3
83	-0.599749	8.926307	396.651877	0.004036	4.4
84	-0.611057	8.145123	407.283433	0.002900	3.8
85	-0.609953	7.366725	418.459510	0.004813	4.3
86	-0.601411	8.366241	404.216729	0.003434	6.4
87	-0.602602	7.585045	415.263499	0.004556	4.0
88	-0.624242	6.889477	425.620234	0.004278	3.9
89	-0.627432	6.108280	437.885617	0.003999	3.8
90	-0.616623	5.327082	450.878896	0.004031	4.0
91	-0.593253	6.322686	434.449438	0.003647	8.4
92	-0.638475	5.541489	447.236613	0.004120	6.6
93	-0.584997	6.329671	434.338405	0.003863	7.5
94	-0.622973	7.329353	419.011542	0.003842	4.1
95	-0.599183	7.380324	418.258991	0.003645	3.9
96	-0.623104	7.773644	412.541615	0.003005	3.9
97	-0.627442	7.692145	413.713437	0.005075	8.3
98	-0.613934	8.487349	402.556554	0.005529	6.1
99	-0.603846	8.231808	406.075662	0.003985	6.1
100	-0.622742	7.450613	417.225662	0.004797	7.5
101	-0.594940	6.864004	426.009332	0.004546	4.0
102	-0.611465	6.082807	438.297476	0.004152	3.8
103	-0.661213	5.480845	448.260830	0.004060	3.8
104	-0.618025	5.234591	452.468481	0.005782	5.1
105	-0.612796	4.453394	466.355322	0.005220	4.6
106	-0.584054	5.453394	448.726003	0.005606	5.0
107	-0.609381	6.453343	432.381803	0.004505	11.4
108	-0.604539	7.453343	417.185634	0.004597	7.5
109	-0.634743	6.672145	428.962978	0.003910	4.2
110	-0.624384	7.661026	414.162622	0.004537	5.0
111	-0.620249	6.879831	425.767491	0.005211	4.3
112	-0.616278	7.879172	411.034146	0.004571	3.8
113	-0.611540	8.879172	397.277602	0.003821	4.2
114	-0.636913	9.872914	384.489969	0.004078	14.1
115	-0.648318	9.091716	394.471540	0.004832	8.1
116	-0.593367	8.340380	404.573002	0.004508	5.7
117	-0.619326	9.340260	391.240080	0.004284	4.2
118	-0.575745	8.559319	401.576427	0.005101	4.1
119	-0.623676	9.559316	388.435582	0.004644	4.4
120	-0.605561	8.778119	398.625779	0.003616	5.4
121	-0.620905	8.135033	407.424481	0.004007	3.8
122	-0.618920	8.077281	408.233695	0.004841	5.5
123	-0.621179	7.550808	415.761458	0.004134	4.9
124	-0.667941	7.156861	421.578442	0.004131	5.8
125	-0.608267	6.735062	427.989879	0.004766	5.9
126	-0.612698	7.734732	413.100282	0.004609	6.6
127	-0.641540	8.710230	399.536647	0.005476	7.5
128	-0.634495	7.929034	410.325689	0.003350	3.9
129	-0.595515	7.147838	421.713592	0.004405	4.0
130	-0.580912	7.164206	421.468501	0.004471	3.8
131	-0.610319	8.164205	407.016953	0.003951	4.9
132	-0.615548	9.155189	393.641225	0.004185	4.7
133	-0.611632	8.483684	402.606592	0.004605	3.9
134	-0.648262	9.483684	389.399311	0.004082	5.7
135	-0.596556	10.207720	380.365039	0.004805	9.5
136	-0.636567	10.772583	373.602794	0.004471	3.9
137	-0.601180	9.991385	383.020171	0.003733	4.0
138	-0.641178	10.977574	371.207825	0.005938	4.5
139	-0.622521	10.196377	380.503347	0.004714	5.2
140	-0.612093	9.415179	390.276370	0.004204	5.6
141	-0.635646	8.633985	400.564609	0.004215	12.1
142	-0.641106	8.972168	396.044947	0.004068	4.7
143	-0.628132	8.191430	406.637350	0.003604	5.2
144	-0.644872	7.435528	417.446994	0.003757	4.9
145	-0.632647	6.654493	429.236792	0.004606	5.1
146	-0.619007	5.873593	441.709669	0.004174	3.7
147	-0.631694	6.873229	425.868344	0.004431	3.7
148	-0.618772	7.857403	411.344220	0.003778	3.9
149	-0.595440	8.857372	397.567666	0.004016	6.8
150	-0.648167	8.086539	408.103755	0.004236	5.3
151	-0.641410	7.309800	419.300940	0.003342	7.2
152	-0.639481	8.124881	407.566498	0.005311	11.2
153	-0.577640	9.102972	394.324046	0.004334	3.9
154	-0.630811	9.766217	385.823374	0.003625	3.7
155	-0.605320	8.985020	395.875201	0.004345	4.9
156	-0.606873	8.861120	397.517771	0.003615	5.1
157	-0.621080	9.092282	394.464124	0.004028	4.2
158	-0.634975	10.066124	382.098704	0.004561	4.1
159	-0.632959	11.065277	370.192517	0.004607	5.2
160	-0.609046	10.288370	379.384605	0.003739	5.1
161	-0.617105	11.284555	367.678157	0.003931	4.8
162	-0.637887	10.522046	376.572183	0.004008	4.4
163	-0.633721	11.522046	364.993201	0.003706	5.2
164	-0.616504	12.337622	356.063958	0.003332	5.0
165	-0.624150	13.334750	345.723380	0.003665	3.9
166	-0.601975	13.677498	342.306287	0.003941	4.0
167	-0.629328	14.674609	332.738773	0.004167	3.8
168	-0.593884	15.081140	328.989765	0.003805	5.2
169	-0.627302	14.299943	336.270397	0.004352	4.5
170	-0.614134	15.299825	327.007796	0.003664	4.0
171	-0.628090	16.299799	318.241015	0.004240	4.5
172	-0.617457	17.299782	309.931941	0.004437	5.8
173	-0.624580	18.299777	302.045625	0.004124	4.6
174	-0.653666	17.518718	308.170320	0.004072	3.8
175	-0.657455	16.737521	314.549697	0.004857	3.8
176	-0.643712	17.737521	306.429670	0.004328	4.9
177	-0.623967	16.956323	312.736448	0.003970	4.6
178	-0.629430	17.956318	304.708620	0.004235	3.8
179	-0.651077	17.609244	307.447766	0.003871	3.8
180	-0.619966	18.609244	299.685745	0.003991	3.8
181	-0.645141	17.863808	305.433936	0.003940	5.0
182	-0.621432	18.706125	298.954523	0.004502	5.8
183	-0.640647	19.706125	291.610308	0.007151	4.3
184	-0.613087	20.706125	284.618282	0.003786	4.2
185	-0.638242	19.926403	290.040779	0.004314	5.1
186	-0.622935	19.184101	295.398566	0.004386	4.3
187	-0.593974	20.184100	288.225935	0.004133	3.9
188	-0.633983	21.106049	281.914974	0.005331	3.9
189	-0.650479	22.105838	275.376287	0.004318	3.9
190	-0.614626	21.324641	280.458982	0.004821	10.2
191	-0.634941	21.088013	282.035782	0.003586	5.0
192	-0.595972	20.671257	284.856436	0.003912	5.5
193	-0.668215	21.304445	280.592875	0.004382	5.3
194	-0.644747	22.203597	274.753182	0.004393	4.0
195	-0.607813	23.203597	268.537555	0.003919	3.8
196	-0.610585	22.649530	271.946247	0.003588	5.6
197	-0.644509	23.649529	265.855562	0.003895	6.3
198	-0.633052	24.649529	260.031722	0.003826	4.8
199	-0.594353	23.898565	264.380958	0.004381	4.6
200	-0.633455	24.898565	258.620847	0.003258	7.4
201	-0.627172	24.117376	263.098762	0.003751	4.8
202	-0.625928	24.670906	259.910011	0.003924	6.5
203	-0.633684	23.904400	264.346607	0.004129	7.6
204	-0.626257	24.904400	258.587975	0.003679	4.4
205	-0.631266	24.123202	263.064791	0.004350	3.9
206	-0.649101	25.123130	257.361670	0.003625	4.4
207	-0.612806	24.344709	261.779730	0.006588	14.9
208	-0.636284	25.344709	256.131195	0.003547	14.5
209	-0.628026	24.563512	260.522626	0.004185	7.0
210	-0.660958	24.073285	263.356129	0.004773	4.9
211	-0.672918	24.846260	258.915900	0.003679	8.3
212	-0.649293	25.076365	257.622878	0.003054	4.9
213	-0.647288	24.402848	261.444517	0.004730	5.1
214	-0.654304	25.401977	255.815086	0.003597	8.0
215	-0.670204	24.664815	259.944681	0.004384	5.8
216	-0.648433	25.664815	254.374216	0.004020	6.0
217	-0.660025	24.887522	258.683085	0.005077	7.3
218	-0.624568	24.106431	263.162602	0.003763	4.8
219	-0.627273	24.005476	263.752918	0.003950	5.0
220	-0.670994	23.685304	265.642721	0.005947	7.3
221	-0.642643	24.685304	259.828103	0.004492	5.2
222	-0.624958	25.685304	254.262580	0.003547	5.2
223	-0.625096	26.634849	249.194153	0.004472	7.8
224	-0.628463	25.853652	253.348995	0.003939	6.3
225	-0.644136	26.842460	248.112779	0.004615	4.7
226	-0.649139	26.061269	252.231313	0.003962	5.9
227	-0.662953	25.284173	256.466193	0.003976	6.6
228	-0.660913	25.992291	252.601555	0.003994	4.9
229	-0.666558	25.371558	255.982896	0.005200	4.8
230	-0.638794	25.394017	255.858975	0.004050	6.8
231	-0.630369	26.394017	250.460425	0.004337	6.2
232	-0.642490	27.390903	245.300769	0.004351	5.6
233	-0.645976	28.390903	240.334252	0.004387	5.8
234	-0.615136	29.389010	235.573702	0.003728	6.8
235	-0.616018	28.608020	239.282393	0.004012	5.5
236	-0.638090	28.034562	242.080795	0.003711	7.1
237	-0.626702	29.034556	237.242553	0.003676	6.0
238	-0.635144	28.537440	239.623320	0.004845	6.1
239	-0.615583	27.756781	243.459999	0.004095	8.2
240	-0.640538	26.975583	247.424312	0.004088	5.7
241	-0.654233	27.975582	242.372327	0.004660	4.9
242	-0.649921	28.975560	237.522617	0.004140	5.2
243	-0.662282	29.975560	232.863078	0.004225	7.8
244	-0.654709	29.194362	236.487231	0.004394	5.5
245	-0.590907	28.413166	240.225970	0.004493	5.1
246	-0.635744	29.413166	235.460827	0.004514	8.2
247	-0.675257	30.413166	230.881050	0.003389	5.8
248	-0.609181	29.632254	234.441976	0.004810	5.3
249	-0.648125	28.851057	238.115829	0.004242	7.6
250	-0.647260	28.069859	241.906659	0.003825	4.8
251	-0.645426	29.069773	237.075686	0.004311	4.9
252	-0.653243	30.069639	232.434101	0.004119	6.4
253	-0.631852	29.288442	236.044809	0.004806	6.4
254	-0.615267	28.507245	239.769468	0.003390	6.4
255	-0.652958	29.507245	235.022239	0.005258	8.6
256	-0.638039	30.229144	231.710405	0.003638	5.5
257	-0.630422	29.448003	235.298229	0.004343	4.9
258	-0.644393	30.447998	230.724738	0.003862	6.7
259	-0.620248	29.666801	234.282123	0.004043	6.3
260	-0.646898	30.656881	229.791761	0.003900	4.0
261	-0.619053	31.656843	225.427981	0.003427	3.7
262	-0.645525	32.648688	221.260319	0.004559	5.6
263	-0.630669	31.881863	224.468751	0.004286	7.9
264	-0.665203	31.100670	227.834418	0.003669	4.9
265	-0.643345	32.100663	223.543833	0.003771	5.4
266	-0.633444	32.852579	220.422605	0.003436	4.8
267	-0.652547	33.823292	216.519755	0.004911	3.8
268	-0.639884	34.818440	212.659574	0.003707	4.9
269	-0.660464	34.037246	215.678048	0.003863	4.8
270	-0.642514	33.282816	218.675571	0.003890	5.1
271	-0.637391	32.517399	221.803113	0.004437	4.5
272	-0.634997	31.736213	225.088704	0.003992	4.5
273	-0.661015	32.714733	220.988268	0.004591	5.4
274	-0.654285	33.714733	216.949351	0.005831	4.8
275	-0.607810	32.933535	220.091743	0.004076	4.4
276	-0.609275	32.363289	222.443666	0.004654	4.0
277	-0.638395	31.618681	225.591473	0.004148	5.0
278	-0.631166	31.118443	227.756721	0.004334	5.4
279	-0.663278	32.105513	223.523419	0.004463	4.0
280	-0.614107	31.345108	226.770488	0.004190	5.3
281	-0.614728	30.563911	230.206079	0.004247	5.0
282	-0.633966	31.563911	225.826533	0.004059	5.8
283	-0.615675	32.543717	221.694090	0.003100	4.5
284	-0.604913	33.543589	217.630080	0.003952	4.2
285	-0.621616	32.764756	220.782658	0.004066	7.0
286	-0.638965	32.043104	223.786408	0.005099	4.6
287	-0.632418	32.957469	219.994116	0.003639	3.8
288	-0.644486	32.176272	223.225986	0.005257	4.5
289	-0.613974	33.070321	219.534961	0.004102	5.1
290	-0.618522	32.842962	220.461977	0.005355	4.4
291	-0.631415	32.061764	223.707710	0.004362	4.8
292	-0.690892	33.061764	219.569707	0.004521	4.6
293	-0.620970	34.061764	215.582009	0.004046	5.7
294	-0.645390	35.061352	211.738128	0.004591	5.1
295	-0.635270	36.061352	208.027418	0.003768	4.1
296	-0.654480	35.521945	210.012690	0.005015	4.0
297	-0.649153	35.726559	209.255170	0.003990	5.1
298	-0.670383	36.725840	205.632795	0.003718	5.1
299	-0.642924	37.533548	202.795253	0.004368	3.9
300	-0.622888	38.522717	199.425133	0.004336	3.8
301	-0.627294	39.329123	196.759460	0.003795	4.5
302	-0.633360	38.547926	199.340709	0.003820	6.8
303	-0.640035	39.547926	196.048429	0.003981	4.9
304	-0.641845	40.547926	192.863132	0.003877	4.2
305	-0.636149	39.766728	195.342519	0.003467	6.5
306	-0.650073	40.747833	192.238741	0.004811	5.1
307	-0.628968	39.975063	194.675088	0.003949	4.6
308	-0.646776	40.974344	191.536126	0.004442	4.6
309	-0.635868	40.193159	193.981254	0.003391	4.8
310	-0.648836	39.411965	196.489648	0.003407	5.1
311	-0.713389	38.712289	198.792008	0.004342	5.0
312	-0.652983	39.712287	195.517685	0.003678	4.4
313	-0.647256	40.443765	193.190077	0.004010	5.3
314	-0.660715	41.443765	190.096253	0.004797	4.8
315	-0.651740	42.349831	187.377387	0.004420	4.0
316	-0.658533	41.568853	189.716210	0.003747	3.8
317	-0.646860	41.205850	190.823303	0.003155	5.1
318	-0.630708	42.205693	187.804692	0.004483	5.5
319	-0.646714	42.949528	185.620225	0.005469	5.1
320	-0.622487	43.949528	182.762310	0.004538	6.9
321	-0.683895	43.168330	184.987293	0.003400	9.0
322	-0.670454	44.167863	182.149993	0.004714	4.3
323	-0.640026	43.386666	184.360001	0.003651	6.0
324	-0.639652	44.384540	181.546369	0.004046	4.5
325	-0.637062	43.615104	183.708220	0.003509	3.8
326	-0.666996	42.835488	185.951829	0.003851	4.4
327	-0.630886	43.825003	183.113386	0.003460	5.8
328	-0.613655	43.603723	183.740582	0.004145	5.0
329	-0.656045	43.587165	183.787687	0.004198	4.0
330	-0.620124	44.575544	181.017572	0.003876	5.9
331	-0.669856	43.794569	183.199394	0.004126	5.2
332	-0.646776	44.792044	180.421902	0.003283	5.6
333	-0.642100	45.769341	177.781082	0.003968	5.5
334	-0.628593	45.188763	179.340499	0.004838	3.9
335	-0.651613	46.188714	176.671423	0.004538	4.7
336	-0.629235	45.411666	178.738564	0.003659	7.9
337	-0.634419	46.411664	176.087119	0.003934	4.2
338	-0.665051	47.408938	173.520099	0.004068	3.9
339	-0.637502	48.403855	171.032657	0.005001	7.7
340	-0.664541	47.622658	172.979684	0.004376	4.8
341	-0.641017	48.622658	170.495153	0.004261	4.1
342	-0.643376	47.841466	172.429881	0.003862	6.1
343	-0.656364	47.124139	174.245516	0.006286	4.2
344	-0.670990	48.124138	171.724756	0.003959	3.9
345	-0.672312	47.342941	173.687665	0.004533	4.6
346	-0.621531	46.755804	175.192751	0.004220	5.1
347	-0.670494	47.755804	172.644708	0.004725	5.2
348	-0.637294	46.974930	174.627994	0.004268	5.2
349	-0.657761	47.974929	172.096238	0.003749	3.9
350	-0.613364	48.971957	169.644044	0.004097	5.2
351	-0.653356	48.494691	170.809102	0.004289	4.9
352	-0.648950	48.597430	170.556956	0.003761	4.4
353	-0.689781	47.840841	172.431446	0.004933	3.8
354	-0.645875	47.060697	174.407936	0.003417	5.3
355	-0.638883	48.044924	171.921773	0.004302	5.4
356	-0.659439	47.647277	172.917648	0.003381	4.1
357	-0.637368	48.646300	170.437276	0.003411	3.9
358	-0.631142	49.637201	168.046377	0.004023	4.7
359	-0.649360	48.856075	169.925461	0.003844	6.0
360	-0.660898	48.075519	171.845624	0.004294	3.8
361	-0.655742	47.294322	173.811312	0.005114	3.9
362	-0.638235	48.294322	171.303007	0.004043	5.7
363	-0.623682	49.294307	168.866104	0.005815	5.4
364	-0.635651	50.112766	166.922571	0.004169	3.8
365	-0.652955	49.331680	168.776372	0.003956	4.2
366	-0.655078	48.550483	170.672082	0.003493	4.1
367	-0.633209	49.550483	168.252934	0.004202	5.2
368	-0.640341	50.547640	165.907999	0.003066	5.5
369	-0.651907	49.977465	167.240767	0.004577	4.6
370	-0.651324	50.962581	164.951361	0.003988	5.0
371	-0.655666	50.191924	166.736971	0.004070	5.6
372	-0.624705	51.188283	164.435629	0.004712	4.6
373	-0.655756	50.407086	166.234564	0.004084	4.0
374	-0.660812	51.406916	163.939116	0.003976	4.6
375	-0.607375	52.328153	161.879513	0.003135	6.3
376	-0.684446	51.575309	163.558734	0.004185	4.0
377	-0.647393	50.797182	165.331361	0.004353	3.9
378	-0.660558	51.797182	163.060238	0.004250	4.0
379	-0.645398	51.541832	163.634215	0.003640	7.7
380	-0.638874	52.541298	161.410337	0.004192	4.5
381	-0.648200	53.541210	159.245145	0.003735	3.9
382	-0.639043	54.532032	157.156182	0.003608	5.7
383	-0.628706	53.750834	158.798572	0.004078	5.1
384	-0.672575	53.077827	160.241278	0.004551	3.7
385	-0.658243	54.071234	158.120829	0.003514	4.6
386	-0.651945	53.290037	159.783549	0.004244	5.3
387	-0.611231	54.289910	157.661573	0.004395	5.2
388	-0.627314	53.508716	159.314593	0.003340	4.2
389	-0.675082	53.241633	159.887724	0.004809	5.2
390	-0.672812	54.169959	157.913159	0.005302	5.2
391	-0.647878	53.388762	159.571492	0.003729	4.9
392	-0.642716	54.388759	157.454850	0.004021	4.5
393	-0.638687	55.253891	155.668459	0.003945	4.0
394	-0.627115	55.640214	154.883775	0.003846	4.7
395	-0.626253	55.702002	154.759009	0.003900	6.2
396	-0.641110	56.701418	152.768457	0.003407	4.2
397	-0.630522	57.701394	150.827389	0.004246	3.8
398	-0.674319	57.249967	151.697517	0.004199	4.0
399	-0.635041	58.244141	149.794365	0.003851	7.7
400	-0.649609	57.495664	151.222693	0.003830	4.3
401	-0.660267	56.719460	152.732993	0.003895	3.9
402	-0.677001	57.718780	150.794076	0.004098	6.0
403	-0.635378	56.939940	152.300935	0.003979	4.7
404	-0.643834	56.164033	153.832366	0.005205	3.8
405	-0.670872	55.406443	155.357653	0.004130	4.3
406	-0.631644	54.625281	156.962401	0.003717	4.2
407	-0.650850	55.625120	154.914285	0.005454	5.1
408	-0.633963	54.843923	156.509913	0.003572	4.4
409	-0.641069	55.648439	154.867155	0.004128	4.8
410	-0.646122	54.868678	156.458845	0.003661	4.4
411	-0.688313	55.168259	155.843469	0.004496	6.6
412	-0.647608	54.387062	157.458395	0.003343	4.9
413	-0.653265	55.387056	155.397084	0.004527	4.0
414	-0.639610	56.386899	153.389344	0.003743	4.4
415	-0.670592	55.772722	154.616451	0.004178	5.1
416	-0.611935	56.772722	152.628396	0.004329	4.6
417	-0.615622	57.772722	150.690817	0.004110	4.0
418	-0.692539	57.077528	152.032551	0.004872	3.9
419	-0.639097	58.077528	150.109975	0.004482	6.3
420	-0.649280	59.077504	148.235461	0.004187	4.8
421	-0.599976	58.940063	148.490323	0.003601	3.7
422	-0.668150	58.161118	149.951467	0.004089	4.1
423	-0.643991	59.117054	148.162285	0.004023	6.0
424	-0.604534	60.109236	146.349866	0.004197	4.3
425	-0.639583	61.104836	144.575231	0.004509	3.7
426	-0.630026	62.096931	142.849147	0.004541	4.9
427	-0.669057	63.096930	141.150525	0.004280	5.6
428	-0.643302	62.315751	142.473969	0.003983	4.7
429	-0.608164	61.534562	143.822485	0.003500	4.5
430	-0.628444	62.529895	142.108712	0.004447	4.3
431	-0.642666	61.748697	143.450303	0.003740	5.3
432	-0.632498	60.967634	144.817231	0.005982	4.8
433	-0.657215	61.967634	143.071764	0.004271	5.4
434	-0.652749	62.967634	141.367873	0.003253	4.4
435	-0.664578	63.967618	139.704113	0.003825	5.0
436	-0.644359	63.302926	140.805620	0.003747	5.2
437	-0.629101	62.522684	142.120980	0.004389	4.1
438	-0.621578	63.522631	140.439614	0.003676	3.7
439	-0.668013	64.517783	138.805350	0.003620	4.0
440	-0.631404	65.515470	137.204661	0.004616	6.5
441	-0.660628	64.737392	138.449811	0.004193	4.4
442	-0.648647	65.737282	136.853789	0.003623	4.1
443	-0.655127	65.217636	137.678627	0.003883	5.5
444	-0.665248	64.438609	138.933976	0.003395	5.2
445	-0.628651	63.688430	140.164669	0.004191	3.9
446	-0.665976	63.633801	140.255142	0.005368	4.4
447	-0.669342	62.852603	141.561803	0.004287	4.8
448	-0.636569	63.852599	139.893484	0.004680	5.3
449	-0.610484	63.071408	141.193374	0.003718	4.5
450	-0.643014	62.290241	142.517605	0.004118	4.8
451	-0.644964	61.513241	143.859647	0.004747	4.1
452	-0.636294	60.743295	145.214672	0.004144	5.1
453	-0.657879	59.963079	146.614060	0.004257	4.9
454	-0.660502	59.181882	148.042494	0.004403	4.3
455	-0.641814	60.174904	146.231472	0.003901	5.2
456	-0.591799	59.393710	147.652420	0.004253	5.7
457	-0.647946	60.393710	145.838368	0.005076	4.2
458	-0.694447	61.393710	144.068349	0.003497	4.1
459	-0.642440	60.612512	145.447376	0.003051	3.9
460	-0.647561	60.407393	145.813854	0.003921	5.6
461	-0.669461	61.406699	144.045640	0.004830	5.4
462	-0.666808	61.168618	144.463009	0.003634	3.8
463	-0.622521	60.387602	145.849311	0.004668	4.2
464	-0.673919	61.288837	144.251956	0.004441	6.0
465	-0.665436	60.508568	145.632858	0.004595	4.4
466	-0.658411	61.508232	143.868382	0.004102	4.0
467	-0.638421	60.727544	145.242657	0.004460	4.7
468	-0.676181	61.727544	143.486983	0.004343	4.7
469	-0.645721	60.946349	144.854846	0.003554	5.3
470	-0.655052	61.946348	143.108480	0.004703	4.4
471	-0.617110	61.175316	144.451234	0.004084	3.8
472	-0.660004	62.175314	142.714529	0.004957	4.7
473	-0.640714	63.175300	141.019108	0.004514	5.2
474	-0.634088	64.154119	139.398139	0.005527	4.5
475	-0.645425	63.373013	140.688655	0.003834	4.1
476	-0.664930	62.593684	142.000271	0.004287	4.5
477	-0.644666	63.567305	140.365425	0.003846	6.6
478	-0.652732	62.786108	141.674150	0.003926	4.8
479	-0.610770	62.004911	143.007511	0.004047	3.8
480	-0.660196	62.887265	141.503311	0.004572	3.8
481	-0.640166	62.221008	142.636168	0.004840	11.0
482	-0.662038	62.759048	141.719922	0.004121	4.5
483	-0.659566	63.759048	140.047889	0.004541	7.5
484	-0.676017	62.977850	141.350674	0.004300	4.5
485	-0.636955	63.977850	139.687292	0.004934	3.9
486	-0.644894	63.541995	140.407447	0.004123	8.0
487	-0.652161	64.541995	138.766061	0.005535	5.0
488	-0.623610	63.761325	140.044127	0.004482	4.4
489	-0.628527	64.761325	138.411175	0.004751	4.2
490	-0.635556	63.980134	139.683538	0.003625	5.2
491	-0.650277	64.967735	138.078847	0.004224	4.3
492	-0.654398	65.967468	136.491563	0.004234	4.6
493	-0.686068	65.186271	137.728731	0.004628	4.0
494	-0.671103	66.186048	136.149373	0.004299	4.7
495	-0.655853	65.408845	137.373965	0.004767	6.3
496	-0.652792	66.408845	135.802341	0.004478	4.8
497	-0.647992	65.627648	137.026989	0.004987	4.1
498	-0.693600	64.847201	138.272717	0.003398	3.9
499	-0.645342	64.066061	139.542441	0.004866	6.8
