1:ItNr	2:Metric	3a:Time	3b:StepSize	4:||Gradient||	Time[ms]
0	-0.123806	0.000000	0.684825	0.022999	1343.9
1	-0.116923	0.000000	0.684825	0.021679	4.0
2	-0.130529	0.000000	0.684825	0.036573	4.9
3	-0.126627	0.000000	0.684825	0.014476	4.2
4	-0.124295	0.000000	0.684825	0.021751	3.6
5	-0.111078	0.176152	0.679128	0.025878	3.7
6	-0.124835	0.974279	0.654462	0.023666	4.4
7	-0.127236	0.983852	0.654177	0.037931	4.9
8	-0.131975	0.852574	0.658107	0.020626	3.7
9	-0.129262	1.852497	0.629311	0.015484	4.5
10	-0.119169	2.775908	0.604870	0.014458	5.1
11	-0.136156	3.067106	0.597551	0.015659	5.7
12	-0.128779	3.034349	0.598366	0.029254	4.6
13	-0.112278	3.960407	0.576166	0.030323	3.6
14	-0.114881	4.960375	0.553972	0.038713	3.7
15	-0.119879	5.960372	0.533425	0.024333	4.8
16	-0.132305	4.974198	0.553677	0.023514	4.5
17	-0.126499	5.164556	0.549649	0.017565	3.7
18	-0.133573	4.198432	0.570723	0.040283	3.6
19	-0.130879	5.143450	0.550093	0.023612	3.6
20	-0.122853	6.143439	0.529827	0.035968	5.4
21	-0.117799	5.301550	0.546786	0.015189	5.6
22	-0.120891	4.403334	0.566120	0.032711	4.1
23	-0.110157	3.681514	0.582676	0.018343	3.8
24	-0.143358	4.678729	0.560048	0.042909	4.7
25	-0.118978	5.678662	0.539057	0.052253	4.2
26	-0.135108	4.692202	0.559755	0.016861	3.6
27	-0.119833	4.074722	0.573539	0.018236	3.8
28	-0.118757	4.942653	0.554351	0.040131	3.6
29	-0.126289	5.939780	0.533832	0.043336	4.7
30	-0.128260	6.939779	0.514726	0.037821	4.4
31	-0.112066	5.953319	0.533564	0.020711	5.2
32	-0.123230	6.943498	0.514657	0.028550	5.2
33	-0.114042	6.453921	0.523835	0.044680	4.6
34	-0.145648	5.467580	0.543356	0.021234	4.9
35	-0.128113	6.465129	0.523621	0.014625	3.9
36	-0.137406	7.416304	0.506094	0.020711	3.7
37	-0.125135	8.366056	0.489726	0.026027	4.2
38	-0.117984	9.255771	0.475325	0.022508	5.0
39	-0.107911	8.271585	0.491307	0.054787	3.8
40	-0.122832	7.285176	0.508440	0.033605	3.7
41	-0.123204	6.299076	0.526806	0.018259	3.6
42	-0.129199	6.724781	0.518717	0.038148	5.9
43	-0.138602	5.964279	0.533347	0.030196	4.5
44	-0.129178	6.952643	0.514489	0.018626	4.4
45	-0.111825	5.989955	0.532840	0.026403	3.7
46	-0.112860	6.985314	0.513888	0.027447	4.4
47	-0.130921	5.998997	0.532662	0.050072	5.0
48	-0.101662	5.039096	0.552298	0.016141	3.7
49	-0.120409	4.053403	0.574027	0.033006	3.7
50	-0.120205	4.993214	0.553272	0.035146	3.7
51	-0.127232	5.992824	0.532783	0.009319	4.8
52	-0.137017	5.043980	0.552194	0.026665	4.4
53	-0.139413	4.439801	0.565308	0.029241	4.5
54	-0.125963	3.453707	0.588104	0.031954	5.1
55	-0.134251	4.453615	0.565001	0.037929	5.7
56	-0.128615	3.467156	0.587781	0.028786	5.0
57	-0.127704	4.467016	0.564704	0.032617	3.9
58	-0.123982	5.465846	0.543392	0.034523	3.6
59	-0.127839	4.524172	0.563440	0.050097	3.6
60	-0.128380	5.524171	0.542197	0.028329	4.8
61	-0.116311	4.537712	0.563141	0.030147	4.4
62	-0.113463	5.537555	0.541924	0.035122	3.7
63	-0.118210	5.380813	0.545143	0.043249	3.6
64	-0.129218	4.394356	0.566320	0.020446	5.0
65	-0.114980	5.377481	0.545212	0.032330	5.8
66	-0.117786	5.217233	0.548545	0.038331	4.1
67	-0.111572	4.231389	0.569978	0.013872	3.6
68	-0.112207	3.823617	0.579341	0.029184	4.4
69	-0.127480	3.005447	0.599086	0.033703	5.0
70	-0.119414	4.005435	0.575128	0.024781	3.7
71	-0.119713	3.019146	0.598744	0.013313	3.6
72	-0.125665	3.768430	0.580631	0.024120	3.6
73	-0.120350	4.644247	0.560801	0.038885	4.2
74	-0.124338	5.625738	0.540129	0.043205	5.0
75	-0.124188	6.625737	0.520577	0.015139	4.2
76	-0.122497	7.526772	0.504134	0.043505	4.4
77	-0.121645	6.556144	0.521892	0.037059	5.5
78	-0.130303	5.571393	0.541233	0.025869	4.7
79	-0.131369	6.433982	0.524216	0.017981	4.3
80	-0.127540	5.516801	0.542348	0.025113	3.6
81	-0.108433	6.504521	0.522871	0.055887	3.7
82	-0.132955	5.518063	0.542322	0.026299	4.9
83	-0.120962	6.518060	0.522614	0.028158	4.2
84	-0.122335	7.517574	0.504297	0.024243	3.7
85	-0.115305	8.506155	0.487401	0.037755	3.5
86	-0.138275	9.506101	0.471425	0.015076	3.6
87	-0.123085	9.349933	0.473850	0.005780	5.7
88	-0.109831	9.196922	0.476251	0.022251	4.9
89	-0.112804	9.592625	0.470091	0.035665	3.7
90	-0.109649	10.181500	0.461213	0.015995	3.8
91	-0.129706	9.230434	0.475724	0.035647	5.0
92	-0.130981	10.224232	0.460582	0.018723	4.2
93	-0.121855	11.211113	0.446471	0.015637	3.7
94	-0.136099	12.056627	0.435051	0.028475	3.9
95	-0.130629	11.954297	0.436402	0.058884	4.4
96	-0.119720	10.967837	0.449869	0.018200	4.9
97	-0.121864	11.847769	0.437817	0.034957	3.7
98	-0.125283	10.862742	0.451352	0.033796	4.7
99	-0.140233	11.829364	0.438063	0.063651	4.3
100	-0.116626	10.842904	0.451634	0.011208	5.6
101	-0.135603	9.857805	0.466052	0.024108	4.5
102	-0.128317	10.645425	0.454452	0.028698	3.7
103	-0.151073	10.672090	0.454069	0.037686	3.6
104	-0.118308	11.626276	0.440790	0.021506	4.3
105	-0.121119	12.532499	0.428877	0.029700	5.2
106	-0.123754	11.552385	0.441790	0.030071	4.2
107	-0.121352	12.549971	0.428654	0.023098	3.6
108	-0.135070	13.512872	0.416695	0.066893	3.7
109	-0.105493	12.526412	0.428955	0.032544	4.5
110	-0.129817	13.526412	0.416531	0.025943	6.4
111	-0.124171	12.543787	0.428733	0.017568	5.5
112	-0.116637	11.913283	0.436946	0.013630	5.7
113	-0.130622	12.359484	0.431102	0.019424	4.7
114	-0.120489	12.268298	0.432283	0.016147	3.7
115	-0.125137	11.341053	0.444677	0.036615	3.8
116	-0.126517	10.355449	0.458655	0.020543	3.7
117	-0.117994	9.606214	0.469883	0.020175	4.9
118	-0.130249	9.555996	0.470655	0.031468	4.6
119	-0.119396	9.400775	0.473058	0.032948	4.4
120	-0.133675	10.400700	0.457994	0.044677	5.3
121	-0.119209	9.414256	0.472848	0.032828	5.4
122	-0.124143	10.414256	0.457796	0.020892	5.0
123	-0.115776	9.461318	0.472118	0.018541	3.8
124	-0.132058	9.511622	0.471339	0.023833	3.7
125	-0.121829	10.503189	0.456504	0.026111	3.7
126	-0.121681	11.498828	0.442518	0.011900	5.0
127	-0.132940	11.602101	0.441117	0.026177	4.4
128	-0.122954	10.899376	0.450834	0.048463	3.8
129	-0.115692	9.912918	0.465221	0.056428	3.6
130	-0.121848	10.912918	0.450643	0.016947	4.4
131	-0.130185	10.203356	0.460890	0.016327	10.9
132	-0.131755	9.327943	0.474194	0.035559	5.1
133	-0.144753	9.775217	0.467302	0.026911	4.9
134	-0.120436	8.795811	0.482663	0.009282	4.6
135	-0.135016	9.045061	0.478659	0.023497	3.9
136	-0.126919	9.840465	0.466314	0.011152	3.8
137	-0.118728	10.713160	0.453481	0.007757	4.4
138	-0.126509	10.837450	0.451711	0.015266	5.1
139	-0.128322	11.110594	0.447869	0.020927	3.7
140	-0.134018	12.070984	0.434862	0.011909	4.8
141	-0.118181	12.210401	0.433037	0.024296	5.8
142	-0.115380	12.677110	0.427036	0.033141	5.5
143	-0.131229	12.786164	0.425657	0.041552	4.4
144	-0.117090	13.786164	0.413421	0.015815	3.7
145	-0.121084	14.661829	0.403270	0.013525	3.9
146	-0.118362	14.614297	0.403808	0.005673	4.9
147	-0.121597	14.851944	0.401131	0.045924	4.2
148	-0.147255	13.965666	0.411299	0.040109	4.4
149	-0.116581	12.979206	0.423239	0.022840	4.9
150	-0.131836	13.669167	0.414816	0.021545	6.0
151	-0.137525	14.664833	0.403236	0.023934	6.1
152	-0.113536	14.419474	0.406029	0.034992	3.8
153	-0.138205	13.446221	0.417501	0.043097	3.9
154	-0.118906	12.459761	0.429810	0.025905	4.7
155	-0.107399	12.432663	0.430158	0.036960	4.4
156	-0.122585	13.386690	0.418224	0.036758	3.7
157	-0.148161	14.386664	0.406405	0.045099	3.8
158	-0.124241	15.386597	0.395237	0.019362	4.2
159	-0.132369	16.371363	0.384822	0.017001	4.8
160	-0.126108	17.228767	0.376191	0.020253	3.9
161	-0.121415	16.580179	0.382684	0.020172	4.6
162	-0.117488	17.491657	0.373622	0.009733	5.7
163	-0.131139	16.719537	0.381270	0.038068	5.1
164	-0.123302	17.429995	0.374221	0.013852	4.5
165	-0.132080	18.268712	0.366229	0.030306	3.7
166	-0.101443	19.227277	0.357502	0.024424	3.6
167	-0.115521	18.602982	0.363137	0.029358	4.8
168	-0.117384	17.626246	0.372320	0.024984	4.4
169	-0.103782	18.625813	0.362928	0.022657	3.7
170	-0.128328	19.305040	0.356812	0.036051	3.6
171	-0.110094	18.318737	0.365763	0.029728	3.6
172	-0.132542	17.377218	0.374736	0.035346	4.4
173	-0.151943	16.407138	0.384454	0.016667	6.8
174	-0.122436	16.641371	0.382062	0.035469	4.2
175	-0.115604	15.664593	0.392240	0.026705	3.8
176	-0.114427	14.678278	0.403084	0.036007	4.4
177	-0.104451	13.713767	0.414283	0.003968	4.8
178	-0.120661	13.991957	0.410990	0.039812	3.7
179	-0.120238	14.721426	0.402597	0.017691	4.0
180	-0.134053	14.468612	0.405466	0.033017	3.7
181	-0.130035	15.457526	0.394468	0.012110	7.0
182	-0.122396	14.482927	0.405303	0.033105	5.0
183	-0.122886	15.307818	0.396095	0.013857	5.3
184	-0.109834	14.987935	0.399615	0.028181	6.4
185	-0.124237	15.894868	0.389792	0.032888	5.1
186	-0.138584	14.908747	0.400497	0.007640	3.7
187	-0.138583	15.779505	0.391015	0.025748	3.7
188	-0.125112	15.177575	0.397521	0.028842	4.3
189	-0.119227	14.215363	0.408382	0.040094	5.0
190	-0.135134	13.228964	0.420151	0.012673	3.7
191	-0.121117	14.145810	0.409190	0.039756	3.6
192	-0.121368	14.000443	0.410890	0.047218	3.6
193	-0.112460	13.038707	0.422499	0.027268	4.6
194	-0.124496	12.052266	0.435109	0.022831	5.6
195	-0.124380	12.195114	0.433236	0.025170	4.6
196	-0.121394	11.210198	0.446484	0.038005	3.7
197	-0.120254	10.223749	0.460589	0.031830	3.8
198	-0.111985	9.237427	0.475613	0.046402	5.0
199	-0.143524	10.237425	0.460388	0.031325	4.2
200	-0.129750	11.237414	0.446107	0.017283	3.9
201	-0.109334	12.153183	0.433784	0.013933	3.7
202	-0.123312	12.207660	0.433073	0.033766	3.8
203	-0.123032	12.348504	0.431244	0.031623	4.8
204	-0.105482	12.925848	0.423905	0.047227	4.3
205	-0.115377	13.751279	0.413836	0.034589	5.8
206	-0.120536	12.764888	0.425926	0.011464	5.4
207	-0.120213	13.749995	0.413851	0.032839	4.3
208	-0.106503	14.114648	0.409554	0.041954	3.6
209	-0.115239	15.083810	0.398553	0.019911	3.6
210	-0.111939	14.128129	0.409396	0.037452	3.7
211	-0.115475	15.125528	0.398093	0.040824	4.9
212	-0.131998	16.122867	0.387398	0.013844	4.2
213	-0.126180	15.632692	0.392582	0.047891	3.8
214	-0.130510	16.632268	0.382154	0.040260	3.6
215	-0.121483	17.632268	0.372262	0.022396	3.6
216	-0.130766	18.628365	0.362905	0.026621	6.0
217	-0.119649	17.645337	0.372136	0.037189	4.7
218	-0.122477	16.659908	0.381874	0.028717	3.7
219	-0.128493	15.673467	0.392145	0.016442	3.8
220	-0.130131	16.437307	0.384144	0.030513	4.9
221	-0.117649	15.477191	0.394255	0.043906	4.0
222	-0.136231	16.477191	0.383735	0.004403	3.7
223	-0.134020	17.202202	0.376453	0.027734	3.8
224	-0.103480	17.817160	0.370489	0.015376	4.0
225	-0.131586	16.917762	0.379277	0.038810	5.1
226	-0.137294	16.018454	0.388491	0.035019	4.0
227	-0.147834	16.184883	0.386752	0.015036	4.6
228	-0.110102	17.182505	0.376647	0.019616	7.4
229	-0.118834	18.139698	0.367436	0.052687	6.8
230	-0.138167	17.153242	0.376936	0.030850	3.5
231	-0.127009	17.898471	0.369714	0.017151	4.0
232	-0.112329	18.433657	0.364697	0.023345	4.3
233	-0.120845	17.476149	0.373773	0.023287	5.3
234	-0.117998	17.767114	0.370967	0.037017	4.8
235	-0.110352	18.765766	0.361651	0.048606	4.9
236	-0.120430	19.765766	0.352780	0.019815	6.8
237	-0.137403	20.762798	0.344357	0.023983	6.6
238	-0.130727	21.485287	0.338501	0.006780	3.6
239	-0.110215	22.248949	0.332524	0.029347	3.8
240	-0.114402	21.536693	0.338092	0.028812	4.8
241	-0.129586	20.553353	0.346093	0.031838	4.3
242	-0.115467	21.552920	0.337963	0.026605	3.6
243	-0.125151	22.549890	0.330227	0.038157	3.8
244	-0.123350	22.561723	0.330137	0.024783	7.4
245	-0.118082	21.577645	0.337767	0.050538	9.8
246	-0.127312	20.592095	0.345771	0.027859	5.1
247	-0.121281	19.608725	0.354144	0.023446	6.1
248	-0.122859	18.623640	0.362948	0.044735	4.8
249	-0.118184	19.623633	0.354014	0.023244	3.7
