1:ItNr	2:Metric	3a:Time	3b:StepSize	4:||Gradient||	Time[ms]
0	-0.197636	0.000000	5.179885	0.007042	339.9
1	-0.175122	0.000000	5.179885	0.007512	5.4
2	-0.213092	0.767249	4.997306	0.015380	3.6
3	-0.188060	0.000000	5.179885	0.003776	3.3
4	-0.235871	0.523850	5.053817	0.010572	3.4
5	-0.212011	1.230709	4.893123	0.003936	3.4
6	-0.179590	0.262919	5.115835	0.009005	3.4
7	-0.184529	1.090241	4.924238	0.006698	4.5
8	-0.210359	0.296328	5.107810	0.002844	4.2
9	-0.193536	0.000000	5.179885	0.007903	3.4
10	-0.204756	0.000000	5.179885	0.004376	3.3
11	-0.188274	0.939593	4.958050	0.005270	4.3
12	-0.193437	1.844905	4.761569	0.003835	4.4
13	-0.192882	1.685297	4.795070	0.017929	3.5
14	-0.213609	0.719140	5.008375	0.011207	3.4
15	-0.188094	1.719140	4.787927	0.010377	3.6
16	-0.213114	0.776672	4.995143	0.007479	4.5
17	-0.197332	0.000000	5.179885	0.014383	3.8
18	-0.180109	1.000000	4.944436	0.006595	3.2
19	-0.168994	1.999994	4.729462	0.005201	3.4
20	-0.211566	2.946990	4.542433	0.005103	3.4
21	-0.206321	2.121465	4.704615	0.010220	4.6
22	-0.185862	1.152537	4.910390	0.012526	4.4
23	-0.186427	0.181004	5.135620	0.009083	3.4
24	-0.199545	1.181003	4.904088	0.009637	3.4
25	-0.216854	0.213090	5.127852	0.004963	3.3
26	-0.165765	0.000000	5.179885	0.013424	3.2
27	-0.204747	0.983947	4.948047	0.005715	3.8
28	-0.186820	0.083814	5.159294	0.002635	4.3
29	-0.204872	0.601954	5.035544	0.004376	3.5
30	-0.189405	0.989669	4.946759	0.007955	3.3
31	-0.197868	0.370281	5.090134	0.011643	3.5
32	-0.215479	0.000000	5.179885	0.009810	3.3
33	-0.194823	0.000000	5.179885	0.006399	4.5
34	-0.202284	0.624692	5.030249	0.012120	4.0
35	-0.209373	1.624637	4.807927	0.017309	3.4
36	-0.214818	0.670421	5.019635	0.005227	3.4
37	-0.186259	0.000000	5.179885	0.007384	4.0
38	-0.208671	0.000000	5.179885	0.003967	4.7
39	-0.197678	0.372347	5.089642	0.009749	3.4
40	-0.200454	0.000000	5.179885	0.008850	3.4
41	-0.197967	0.000000	5.179885	0.008998	3.4
42	-0.188042	0.995950	4.945346	0.005486	3.3
43	-0.196757	0.026182	5.173435	0.008706	4.3
44	-0.219688	0.000000	5.179885	0.005113	3.7
45	-0.192522	0.000000	5.179885	0.004834	3.4
46	-0.204943	0.000000	5.179885	0.007598	3.4
47	-0.202960	0.000000	5.179885	0.007407	7.4
48	-0.204804	0.861322	4.975801	0.013516	5.1
49	-0.188361	0.000000	5.179885	0.002574	4.3
50	-0.189640	0.657223	5.022693	0.007178	3.8
51	-0.191557	0.254520	5.117857	0.002629	4.2
52	-0.208865	0.000000	5.179885	0.005057	4.3
53	-0.200219	0.547893	5.048178	0.007740	3.5
54	-0.200859	1.000538	4.944315	0.016028	3.4
55	-0.214810	2.000537	4.729350	0.011000	3.4
56	-0.183208	3.000427	4.532319	0.017284	3.4
57	-0.202510	2.675633	4.594496	0.009600	4.7
58	-0.184928	1.711805	4.789474	0.008958	3.8
59	-0.204250	0.740189	5.003526	0.012054	3.5
60	-0.187758	1.740189	4.783496	0.011546	3.6
61	-0.190444	2.740189	4.582002	0.004802	4.8
62	-0.211945	3.737798	4.397222	0.009753	3.5
63	-0.186123	3.426742	4.453218	0.008727	3.4
64	-0.204283	4.369049	4.287807	0.012729	3.4
65	-0.201220	5.044438	4.176615	0.012457	3.7
66	-0.206461	4.072806	4.338469	0.011507	4.4
67	-0.180733	5.042731	4.176889	0.007790	3.9
68	-0.190203	4.078897	4.337415	0.011110	3.4
69	-0.182918	5.078892	4.171097	0.009905	3.7
70	-0.185259	6.078300	4.017150	0.005814	3.2
71	-0.202120	7.077675	3.874167	0.004780	4.3
72	-0.208168	7.978185	3.753775	0.008996	3.8
73	-0.202289	7.215148	3.855291	0.010506	3.3
74	-0.201031	6.247027	3.992274	0.007125	3.4
75	-0.200947	7.221531	3.854419	0.002826	3.3
76	-0.202509	8.029596	3.747127	0.005989	3.2
77	-0.221921	8.201397	3.725082	0.017366	3.6
78	-0.187699	9.201396	3.601741	0.014048	4.5
79	-0.202502	10.201396	3.486305	0.011697	3.9
80	-0.212634	11.201396	3.378040	0.007031	3.4
81	-0.206721	12.199467	3.276486	0.014392	3.4
82	-0.181752	13.194561	3.181137	0.010675	3.6
83	-0.186538	12.222957	3.274170	0.006063	4.4
84	-0.199964	11.262419	3.371650	0.014667	3.6
85	-0.196091	12.260597	3.270464	0.003979	3.3
86	-0.208519	12.924097	3.206499	0.004983	3.3
87	-0.211432	12.118433	3.284503	0.013081	4.6
88	-0.208495	11.451716	3.351983	0.005834	4.6
89	-0.208417	10.480535	3.455392	0.006814	3.5
90	-0.177750	11.448414	3.352324	0.009506	3.3
91	-0.211373	10.477516	3.455724	0.012808	4.3
92	-0.202932	11.477511	3.349320	0.011309	4.0
93	-0.178364	11.998776	3.296413	0.005631	3.3
94	-0.218231	11.128644	3.385689	0.008887	3.2
95	-0.197089	12.121378	3.284211	0.005127	3.4
96	-0.205580	11.202910	3.377881	0.008091	3.6
97	-0.187403	12.124867	3.283865	0.010458	4.3
98	-0.205833	13.124690	3.187651	0.009291	3.8
99	-0.192562	14.113152	3.097916	0.004104	3.6
100	-0.186814	15.097622	3.013428	0.003313	3.4
101	-0.210812	14.901968	3.029850	0.005064	3.4
102	-0.207670	15.608270	2.971394	0.013491	4.5
103	-0.199294	16.608174	2.892392	0.003842	4.0
104	-0.222646	17.606067	2.817630	0.017835	3.3
105	-0.211643	16.637390	2.890147	0.004879	3.3
106	-0.221191	17.634649	2.815545	0.006533	3.2
107	-0.188223	16.694125	2.885797	0.008398	4.2
108	-0.192502	17.550191	2.821714	0.015187	4.3
109	-0.196233	18.541663	2.750962	0.005406	3.4
110	-0.203355	19.418775	2.691264	0.001626	3.4
111	-0.206323	18.942568	2.723350	0.009743	3.3
112	-0.196284	18.940401	2.723498	0.005622	3.5
113	-0.210717	19.865280	2.661859	0.005581	4.5
114	-0.194896	20.819060	2.601149	0.009754	4.1
115	-0.174102	20.365529	2.629668	0.009495	3.4
116	-0.187935	19.394543	2.692878	0.005925	3.5
117	-0.206329	19.696372	2.672906	0.010706	4.5
118	-0.217173	20.691664	2.609097	0.004415	3.9
119	-0.201500	21.687124	2.548253	0.016702	3.4
120	-0.189418	20.744471	2.605796	0.011114	3.4
121	-0.200115	21.744471	2.544834	0.012309	3.4
122	-0.183215	20.772849	2.604026	0.012851	3.4
123	-0.193646	21.770410	2.543291	0.006638	3.4
124	-0.207024	22.765057	2.485490	0.008091	4.4
125	-0.216998	23.612442	2.438279	0.006995	4.1
126	-0.203948	24.235047	2.404719	0.013201	3.3
127	-0.185171	23.265745	2.457376	0.013329	4.3
128	-0.177641	24.265745	2.403089	0.001224	4.3
129	-0.220454	24.385751	2.396734	0.008801	3.5
130	-0.179299	24.836824	2.373149	0.014854	3.3
131	-0.189772	25.245932	2.352155	0.004287	3.4
132	-0.196046	24.315499	2.400450	0.014093	3.3
133	-0.192867	25.310900	2.348855	0.004700	3.3
134	-0.199592	26.014074	2.313724	0.009827	3.8
135	-0.190664	26.837257	2.273910	0.002880	4.5
136	-0.200671	27.327866	2.250826	0.008357	3.2
137	-0.200615	26.429720	2.293448	0.005025	3.3
138	-0.193409	26.906351	2.270630	0.007025	8.1
139	-0.192069	27.867948	2.225950	0.002963	4.3
140	-0.202166	28.679569	2.189584	0.008838	4.0
141	-0.189596	29.406765	2.157996	0.012985	3.8
142	-0.199315	30.406550	2.116026	0.007500	4.3
143	-0.175886	29.435816	2.156753	0.006462	3.5
144	-0.209442	30.267735	2.121755	0.014019	3.4
145	-0.182106	30.941068	2.094250	0.005743	3.5
146	-0.190772	31.780241	2.060953	0.016792	3.6
147	-0.195711	30.818606	2.099200	0.009236	4.4
148	-0.213593	31.818543	2.059458	0.007912	3.9
149	-0.198920	32.818453	2.021195	0.003529	3.7
150	-0.179874	33.731168	1.987489	0.001825	3.5
151	-0.182084	33.691933	1.988915	0.003568	3.4
152	-0.204163	33.663578	1.989946	0.006702	3.3
153	-0.197612	34.151217	1.972352	0.003243	4.1
154	-0.194574	33.464890	1.997206	0.006859	4.1
155	-0.181826	33.688801	1.989029	0.002478	3.5
156	-0.207442	33.063881	2.012020	0.004085	3.2
157	-0.197069	33.657476	1.990169	0.009355	4.6
158	-0.178394	34.626169	1.955511	0.004592	4.2
159	-0.213613	34.927794	1.944965	0.005590	3.4
160	-0.201075	35.815088	1.914590	0.004182	3.4
161	-0.185059	36.486811	1.892218	0.003550	3.4
162	-0.171603	37.036287	1.874303	0.007334	3.7
163	-0.194835	36.416939	1.894521	0.002966	7.8
164	-0.192249	35.608518	1.921576	0.017268	4.9
165	-0.189572	34.643488	1.954903	0.015616	4.4
166	-0.198446	35.643397	1.920393	0.012099	4.4
167	-0.178837	36.643245	1.887083	0.004810	3.3
168	-0.221851	35.672335	1.919413	0.006890	3.3
169	-0.189240	34.714712	1.952403	0.002856	3.4
170	-0.203643	34.129041	1.973145	0.003058	3.5
171	-0.206147	33.814024	1.984485	0.002514	4.4
172	-0.215865	33.325362	2.002335	0.009980	3.7
173	-0.205280	33.604748	1.992090	0.014242	4.1
174	-0.195638	34.604037	1.956290	0.003935	6.2
175	-0.192831	33.679462	1.989368	0.013432	4.1
176	-0.200801	34.551429	1.958142	0.006702	4.8
177	-0.199463	35.255412	1.933638	0.009413	4.1
178	-0.224983	34.284195	1.967607	0.005272	3.3
179	-0.198792	34.237526	1.969270	0.009061	3.2
180	-0.191860	35.230686	1.934488	0.002729	4.5
181	-0.194791	34.477017	1.960769	0.006545	4.1
182	-0.215307	35.224924	1.934686	0.009101	3.4
183	-0.199829	36.220579	1.901022	0.004066	3.3
184	-0.206346	36.585837	1.888964	0.010272	3.4
185	-0.215527	37.533313	1.858388	0.005747	3.9
186	-0.194726	38.531080	1.827240	0.011666	4.5
187	-0.184975	39.438109	1.799818	0.002736	3.6
188	-0.210851	38.497068	1.828285	0.005264	3.5
189	-0.217895	39.123871	1.809225	0.010086	3.6
190	-0.191271	39.256909	1.805230	0.008401	4.5
191	-0.183509	40.255036	1.775815	0.003854	3.5
192	-0.188126	41.083066	1.752130	0.007375	3.3
193	-0.200975	41.064213	1.752662	0.002840	3.3
194	-0.161399	41.710042	1.734612	0.008238	3.4
195	-0.183907	40.870359	1.758154	0.007915	4.1
196	-0.181129	40.117820	1.779802	0.009457	4.6
197	-0.207270	39.146223	1.808552	0.013856	3.4
198	-0.203068	38.174590	1.838248	0.013035	3.6
199	-0.188087	37.297939	1.865891	0.007686	3.4
200	-0.181751	38.289113	1.834698	0.005328	3.4
201	-0.212265	39.263684	1.805027	0.014455	3.6
202	-0.180368	38.292132	1.834604	0.008041	4.6
203	-0.208528	39.247326	1.805517	0.006796	3.5
204	-0.214999	40.182533	1.777919	0.008089	3.3
205	-0.187954	40.295736	1.774636	0.008757	3.3
206	-0.200341	41.295177	1.746164	0.006101	3.3
207	-0.195636	42.147223	1.722603	0.012738	4.4
208	-0.199170	41.213045	1.748469	0.014597	4.0
209	-0.196043	42.213045	1.720809	0.011246	3.3
210	-0.195049	43.213045	1.694011	0.007428	3.5
211	-0.205088	44.202189	1.668312	0.011399	4.6
212	-0.189030	43.232634	1.693494	0.005877	4.0
213	-0.195773	44.231942	1.667551	0.017106	3.4
214	-0.183353	43.260347	1.692764	0.009315	3.4
215	-0.212667	44.259616	1.666844	0.008442	3.4
216	-0.199083	43.288445	1.692024	0.013634	4.3
217	-0.209838	42.353024	1.717007	0.005875	3.6
218	-0.181800	43.352225	1.690347	0.013322	3.2
219	-0.208353	43.812274	1.678349	0.004888	3.6
220	-0.206569	43.716209	1.680840	0.012842	3.4
221	-0.200450	44.715288	1.655286	0.009497	4.2
222	-0.203696	45.267763	1.641486	0.011000	3.5
223	-0.197167	46.267715	1.617085	0.008319	3.4
224	-0.177334	46.929040	1.601342	0.005648	3.4
225	-0.201629	47.923080	1.578246	0.010370	3.3
226	-0.194267	48.883698	1.556552	0.011939	3.6
227	-0.202174	47.912065	1.578499	0.007688	3.4
228	-0.199317	46.940572	1.601070	0.008568	4.4
229	-0.191983	45.999300	1.623563	0.003716	4.1
230	-0.188220	46.962769	1.600547	0.010959	3.3
231	-0.194639	47.940409	1.577850	0.005879	4.4
232	-0.204397	48.322384	1.569155	0.008301	4.3
233	-0.217619	47.598486	1.585714	0.008293	3.7
234	-0.205266	46.637466	1.608245	0.017175	3.3
235	-0.185326	45.665833	1.631684	0.012651	3.3
236	-0.181832	44.694200	1.655817	0.008187	3.3
237	-0.203885	45.506896	1.635584	0.008691	3.3
238	-0.198276	46.496451	1.611605	0.010706	3.8
239	-0.204298	46.590235	1.609368	0.005347	4.5
240	-0.201051	45.621351	1.632774	0.006202	3.3
241	-0.166054	46.206524	1.618557	0.013400	3.4
242	-0.199516	45.265091	1.641552	0.011074	4.5
243	-0.201411	44.293458	1.665980	0.012465	4.1
244	-0.196910	45.293429	1.640850	0.010134	3.4
245	-0.184304	46.202284	1.618659	0.007310	3.5
246	-0.189396	45.235427	1.642287	0.013015	3.6
247	-0.200868	46.157323	1.619743	0.013235	4.3
248	-0.205887	47.157323	1.595978	0.008540	3.7
249	-0.201507	47.677198	1.583897	0.008237	3.4
