1:ItNr	2:Metric	3a:Time	3b:StepSize	4:||Gradient||	Time[ms]
0	-0.282951	0.000000	5.578276	0.014509	2251.1
1	-0.254251	0.000000	5.578276	0.005608	3.8
2	-0.291623	0.000000	5.578276	0.008431	3.8
3	-0.299182	0.000000	5.578276	0.006659	5.2
4	-0.265091	0.000000	5.578276	0.007256	4.4
5	-0.293731	0.000000	5.578276	0.011805	4.1
6	-0.261421	0.068206	5.560217	0.011086	4.0
7	-0.260579	1.068205	5.308261	0.012704	7.3
8	-0.249074	2.067194	5.078372	0.009535	4.8
9	-0.278235	1.106331	5.299106	0.005823	4.1
10	-0.264958	0.147021	5.539494	0.005902	4.2
11	-0.252292	0.281299	5.504542	0.017615	3.9
12	-0.258774	0.000000	5.578276	0.007598	4.8
13	-0.270275	0.000000	5.578276	0.005698	5.2
14	-0.253107	0.000000	5.578276	0.006516	4.3
15	-0.271078	0.000000	5.578276	0.012699	4.6
16	-0.275555	0.999540	5.324829	0.008679	5.2
17	-0.254108	0.040134	5.567635	0.009522	4.2
18	-0.279743	0.000000	5.578276	0.008283	4.0
19	-0.285158	0.000000	5.578276	0.006937	4.1
20	-0.306671	0.000000	5.578276	0.013174	5.5
21	-0.247705	0.999622	5.324809	0.004816	4.6
22	-0.291341	0.044204	5.566559	0.008471	4.0
23	-0.255058	0.000000	5.578276	0.008951	4.0
24	-0.287196	0.000000	5.578276	0.007995	5.7
25	-0.289319	0.000000	5.578276	0.012708	4.7
26	-0.261497	0.000000	5.578276	0.012349	4.2
27	-0.292208	1.000000	5.324718	0.006360	4.2
28	-0.297252	1.996641	5.093952	0.009011	4.9
29	-0.271279	2.922730	4.896757	0.011701	5.6
30	-0.269669	3.151506	4.850372	0.006625	4.2
31	-0.264701	3.473297	4.786596	0.007378	4.4
32	-0.265029	4.454808	4.602030	0.005382	5.2
33	-0.277812	5.428615	4.432461	0.008366	5.5
34	-0.278871	5.337105	4.447861	0.011265	4.0
35	-0.277666	6.025374	4.334585	0.009820	4.1
36	-0.283206	5.064437	4.494392	0.013291	4.8
37	-0.297936	6.010881	4.336911	0.015311	5.4
38	-0.265955	7.010881	4.182082	0.006116	4.1
39	-0.261504	6.049946	4.330648	0.006789	4.2
40	-0.297068	7.022530	4.180343	0.014373	4.3
41	-0.261889	6.439176	4.269217	0.005613	5.4
42	-0.284434	5.478956	4.424034	0.010833	5.2
43	-0.266027	5.415677	4.434631	0.014105	4.6
44	-0.258951	6.415677	4.272876	0.006426	4.2
45	-0.256852	5.455533	4.427951	0.010432	5.1
46	-0.269945	5.133008	4.482599	0.013317	5.5
47	-0.282880	5.886093	4.357040	0.011217	4.2
48	-0.275088	4.925153	4.518538	0.008775	4.1
49	-0.276471	3.987799	4.688040	0.008354	5.0
50	-0.260447	4.983094	4.508462	0.012511	5.4
51	-0.293983	4.022171	4.681600	0.008888	4.0
52	-0.269203	3.062382	4.868337	0.010567	4.1
53	-0.272780	4.057125	4.675069	0.013358	5.7
54	-0.257263	5.057119	4.495654	0.015309	5.0
55	-0.255491	4.096179	4.667794	0.006485	4.0
56	-0.273717	5.050447	4.496805	0.014196	4.2
57	-0.264313	5.954044	4.346056	0.008765	4.7
58	-0.248734	4.993105	4.506726	0.011814	5.4
59	-0.271845	4.917625	4.519851	0.012173	5.6
60	-0.258930	5.916572	4.352107	0.008914	4.0
61	-0.265012	4.960526	4.512381	0.006319	5.5
62	-0.276315	5.956437	4.345670	0.006233	5.3
63	-0.279236	5.185196	4.473665	0.006869	4.1
64	-0.252368	5.669149	4.392483	0.010273	4.1
65	-0.267546	4.708792	4.556565	0.005411	5.0
66	-0.289554	3.750375	4.733011	0.006801	5.6
67	-0.255680	4.675858	4.562410	0.007581	4.1
68	-0.251790	5.291657	4.455550	0.012030	4.0
69	-0.251171	6.289535	4.292627	0.013202	4.1
70	-0.268684	7.289535	4.140888	0.002955	5.5
71	-0.234637	6.649640	4.236720	0.008711	4.8
72	-0.260068	6.315680	4.288518	0.008489	4.2
73	-0.267993	5.737751	4.381213	0.009305	4.3
74	-0.259385	6.320380	4.287781	0.006671	4.7
75	-0.256560	6.971152	4.188022	0.008650	5.8
76	-0.264993	7.953088	4.045986	0.007666	4.3
77	-0.238525	8.717145	3.941960	0.007616	4.2
78	-0.268869	9.712317	3.814228	0.007827	5.1
79	-0.286148	10.289690	3.743846	0.009616	5.1
80	-0.267490	9.368832	3.857369	0.011527	4.4
81	-0.230962	10.351971	3.736409	0.009059	4.0
82	-0.297280	9.516929	3.838649	0.006223	5.7
83	-0.248122	8.563652	3.962426	0.007676	4.8
84	-0.281341	8.670887	3.948106	0.005827	4.9
85	-0.236913	9.628130	3.824713	0.005133	4.1
86	-0.270853	10.358754	3.735601	0.006871	5.8
87	-0.273248	11.231266	3.634477	0.017275	4.6
88	-0.260649	11.786353	3.572944	0.014693	4.1
89	-0.271009	12.786353	3.467193	0.012207	4.1
90	-0.278611	13.786331	3.367524	0.010037	5.7
91	-0.272663	14.785872	3.273465	0.007978	4.6
92	-0.283464	14.014686	3.345562	0.005254	5.5
93	-0.261027	13.120524	3.433236	0.009719	5.0
94	-0.257272	12.167511	3.531884	0.008486	5.4
95	-0.266973	11.230351	3.634580	0.015504	3.9
96	-0.276934	12.230351	3.525205	0.008028	4.1
97	-0.266440	11.300069	3.626735	0.006593	4.0
98	-0.261389	10.970790	3.664088	0.011142	5.4
99	-0.285570	11.424292	3.612840	0.015318	4.8
100	-0.253459	10.463362	3.723181	0.006655	5.0
101	-0.255992	11.463049	3.608527	0.007058	4.3
102	-0.282435	12.423813	3.504800	0.009880	6.3
103	-0.291525	11.463562	3.608470	0.011012	4.6
104	-0.294186	12.460966	3.500909	0.011284	5.3
105	-0.263581	11.500026	3.604422	0.016567	4.2
106	-0.259424	11.156385	3.642940	0.011564	5.6
107	-0.287039	10.195536	3.755146	0.011157	4.6
108	-0.268826	9.234596	3.874495	0.008217	4.2
109	-0.263877	8.275886	4.001375	0.013191	4.2
110	-0.273498	7.314969	4.137168	0.008520	5.6
111	-0.275707	8.179593	4.014579	0.009584	4.7
112	-0.284389	7.219070	4.151228	0.008175	4.2
113	-0.293807	6.260504	4.297198	0.007682	4.5
114	-0.245936	6.495645	4.260449	0.011904	6.2
115	-0.280132	7.463955	4.115514	0.007413	4.1
116	-0.278900	8.371870	3.988299	0.011126	4.0
117	-0.275131	9.324617	3.862993	0.011270	4.0
118	-0.279759	8.363861	3.989387	0.005763	5.3
119	-0.274826	9.357287	3.858836	0.008174	4.4
120	-0.267047	10.052487	3.772445	0.007005	4.2
121	-0.288430	10.139415	3.761914	0.012912	4.5
122	-0.249272	10.030042	3.775174	0.008803	5.1
123	-0.279188	11.027329	3.657620	0.016686	5.6
124	-0.271023	10.066398	3.770756	0.012169	4.2
125	-0.252555	10.729306	3.691975	0.007974	4.2
126	-0.261083	11.723006	3.579860	0.012928	5.3
127	-0.282661	10.762341	3.688135	0.008543	5.0
128	-0.266906	10.600080	3.707073	0.008806	4.0
129	-0.267392	9.654560	3.821415	0.004945	4.1
130	-0.271232	10.414870	3.728928	0.006725	4.8
131	-0.252151	10.521127	3.716358	0.006919	5.5
132	-0.253731	11.433298	3.611837	0.010638	5.3
133	-0.278599	10.889615	3.673415	0.006506	3.9
134	-0.290478	10.714414	3.693708	0.006566	4.0
135	-0.318298	11.687132	3.583789	0.013421	5.2
136	-0.275211	12.686770	3.477442	0.014289	4.9
137	-0.253484	13.685361	3.377327	0.007957	4.1
138	-0.243240	14.684949	3.282723	0.009888	4.2
139	-0.297761	15.684814	3.193250	0.014508	5.4
140	-0.290446	16.680411	3.108878	0.011257	4.9
141	-0.274128	15.872801	3.176970	0.011032	4.1
142	-0.267831	14.911945	3.261973	0.008277	4.1
143	-0.251527	15.097694	3.245188	0.010226	4.9
144	-0.283703	14.186514	3.329224	0.010977	5.8
145	-0.258070	15.182883	3.237547	0.007343	4.3
146	-0.267911	16.076555	3.159511	0.012163	4.1
147	-0.258990	16.891096	3.091592	0.008803	5.6
148	-0.277234	17.891091	3.012098	0.008933	4.7
149	-0.279012	16.930539	3.088377	0.014241	4.3
150	-0.264087	15.989108	3.166981	0.015464	4.2
151	-0.269960	15.028168	3.251450	0.011244	5.1
152	-0.262415	16.028167	3.163640	0.011073	5.5
153	-0.244555	17.028166	3.080448	0.011323	4.1
154	-0.280418	18.028166	3.001519	0.008200	4.2
155	-0.301088	18.493791	2.966132	0.008209	5.4
156	-0.237674	17.532982	3.040092	0.013130	4.5
157	-0.249682	16.572131	3.117837	0.008160	4.1
158	-0.292843	15.611467	3.199648	0.013531	4.2
159	-0.309267	16.609448	3.114744	0.008014	4.0
160	-0.266016	17.609386	3.034076	0.009568	5.1
161	-0.296561	18.469027	2.967993	0.006273	5.2
162	-0.272477	19.358238	2.902599	0.007251	4.2
163	-0.274678	19.761988	2.873849	0.010556	5.1
164	-0.254748	18.801962	2.943166	0.005648	5.5
165	-0.293736	17.842803	3.015843	0.010828	4.2
166	-0.288621	18.828831	2.941181	0.012329	4.2
167	-0.249983	17.867891	3.013896	0.011442	4.6
168	-0.283697	18.759716	2.946294	0.009399	6.0
169	-0.240415	17.807420	3.018593	0.004911	4.4
170	-0.252352	16.848960	3.095033	0.007315	4.1
171	-0.268829	16.589521	3.116395	0.008759	4.1
172	-0.264849	16.725206	3.105186	0.010792	5.5
173	-0.292256	17.027191	3.080527	0.009625	5.1
174	-0.294811	17.772048	3.021347	0.008379	4.2
175	-0.265764	17.250758	3.062522	0.008511	4.3
176	-0.287727	18.246586	2.984815	0.003519	5.6
177	-0.289812	17.376144	3.052516	0.009120	4.5
178	-0.285638	17.922981	3.009631	0.007521	4.2
179	-0.248959	17.100733	3.074581	0.008950	4.0
180	-0.262572	17.818445	3.017735	0.013025	5.3
181	-0.269071	18.814162	2.942264	0.006549	4.5
182	-0.272784	18.458759	2.968765	0.014669	4.2
183	-0.271536	17.499810	3.042711	0.013251	3.9
184	-0.276762	18.055709	2.999403	0.009903	4.7
185	-0.279101	18.949851	2.932271	0.013009	5.8
186	-0.255067	19.949771	2.860670	0.010454	4.1
187	-0.270700	19.786028	2.872155	0.006535	4.1
188	-0.295159	20.436480	2.827069	0.006608	4.9
189	-0.277034	21.429395	2.760911	0.004876	5.6
190	-0.294724	20.652523	2.812406	0.011993	4.1
191	-0.260785	21.640060	2.747271	0.009372	4.2
192	-0.276251	22.633383	2.684729	0.008275	4.1
193	-0.273316	22.633328	2.684732	0.009792	5.8
194	-0.276792	23.624854	2.625080	0.011559	4.8
195	-0.261073	24.014909	2.602333	0.005847	4.0
196	-0.284272	24.805127	2.557438	0.008041	4.5
197	-0.279878	24.036437	2.601089	0.011476	5.6
198	-0.273619	23.076774	2.657722	0.005565	4.1
199	-0.286393	22.427868	2.697434	0.009407	4.2
200	-0.277699	23.402456	2.638228	0.009693	4.1
201	-0.277893	24.402225	2.580133	0.008815	5.7
202	-0.259367	25.392617	2.525053	0.007719	4.5
203	-0.270373	25.006018	2.546271	0.015243	4.1
204	-0.274650	26.006008	2.492103	0.004590	3.9
205	-0.276252	27.005589	2.440212	0.009886	5.5
206	-0.268428	26.813535	2.450013	0.007091	4.7
207	-0.264464	27.721941	2.404333	0.010093	4.0
208	-0.267108	28.718527	2.356140	0.005423	4.1
209	-0.285754	27.783507	2.401299	0.016966	4.9
210	-0.272831	28.334684	2.374471	0.018709	5.7
211	-0.284474	29.334684	2.327298	0.015168	4.2
212	-0.272911	28.373744	2.372593	0.014948	4.2
213	-0.294328	29.314807	2.328217	0.008909	4.6
214	-0.260134	30.309535	2.283080	0.012898	5.6
215	-0.275933	29.348628	2.326653	0.012680	4.9
216	-0.266184	28.387688	2.371923	0.010454	4.4
217	-0.313919	29.387254	2.324870	0.012118	4.4
218	-0.272234	28.426329	2.370069	0.009872	5.6
219	-0.286939	27.465410	2.417060	0.009710	4.7
220	-0.287549	28.463847	2.368271	0.010481	4.3
221	-0.257162	27.761453	2.402385	0.013759	5.0
222	-0.269242	28.750949	2.354604	0.006573	5.1
223	-0.278158	28.171308	2.382361	0.008324	4.4
224	-0.283056	28.179259	2.381976	0.009806	4.2
225	-0.289111	27.219160	2.429403	0.011997	4.5
226	-0.273462	26.258220	2.478803	0.011038	5.6
227	-0.276084	25.297396	2.530246	0.009492	4.4
228	-0.278264	24.336465	2.583876	0.010104	4.0
229	-0.247740	25.336458	2.528113	0.004715	3.9
230	-0.267322	25.196708	2.535761	0.005240	5.1
231	-0.294590	24.760299	2.559944	0.012328	4.6
232	-0.264905	25.756036	2.505426	0.007524	4.2
233	-0.284238	24.795156	2.557995	0.007019	4.1
234	-0.287635	24.462276	2.576725	0.012111	5.7
235	-0.283053	25.449172	2.521978	0.015755	4.5
236	-0.269029	26.393628	2.471720	0.009405	4.1
237	-0.258007	27.393623	2.420645	0.011502	4.3
238	-0.288996	26.555646	2.463299	0.011993	5.7
239	-0.277034	25.594833	2.514094	0.012615	4.7
240	-0.302774	26.594824	2.461272	0.007380	4.1
241	-0.268135	27.593611	2.410683	0.010409	4.2
242	-0.258598	26.636198	2.459134	0.009527	5.0
243	-0.268747	25.688002	2.509077	0.007887	5.5
244	-0.265670	26.673268	2.457222	0.008760	4.2
245	-0.288257	27.664648	2.407164	0.018475	3.9
246	-0.261506	26.709673	2.455347	0.011110	4.2
247	-0.267107	25.755438	2.505458	0.011348	5.2
248	-0.274865	24.794576	2.558028	0.012760	4.7
249	-0.288810	24.818821	2.556674	0.008635	4.3
